

TREE #  1

  0  0.0000 1179070.753569  x:  0.00950   0.01945   0.03092   0.04683   0.03771   0.01130   0.00818   0.01212   0.00541   0.01353   0.05603   0.05176   0.03786   0.02606   0.01627   0.02057   0.00305   0.01747   0.01385   0.01113   0.01156   0.00584   0.01255   0.03080   0.04628   0.04616   0.01746   0.11687   0.01413   0.02954   0.00959   0.03919   0.02627   0.03262   0.01695   0.00877   0.01080   0.04149   0.02611   0.01745   0.01809   0.00358   0.01589   0.01588   0.01075   0.00915   0.02166   0.01334   0.01170   0.00755   0.03526   0.05311   0.00000   0.00630   0.12687   0.09928   0.05193   0.03217   0.00537   0.02299   0.02314   0.01621   0.01221   0.01416   0.00581   0.00599   0.09365   0.05244   0.02497   0.00872   0.02325   0.03907   0.01373   0.01949   0.01250   0.00818   0.01099   0.01143   0.01503   0.01627   0.01340   0.00943   0.01205   0.10150   0.14483   0.06387   0.05265   5.58141   0.49756  
  1 99.0000 1177766.984491  x:  0.00852   0.01804   0.03096   0.04699   0.03775   0.01014   0.00777   0.01120   0.00449   0.01297   0.05613   0.05187   0.03800   0.02605   0.01626   0.01914   0.00191   0.01795   0.01211   0.00900   0.00949   0.00294   0.01246   0.03070   0.04649   0.04650   0.01650   0.11709   0.01480   0.03035   0.00771   0.03936   0.02574   0.03241   0.01738   0.00801   0.00868   0.04111   0.02553   0.01670   0.01693   0.00054   0.01642   0.01522   0.00965   0.00958   0.02105   0.01308   0.00945   0.00747   0.03493   0.05343   0.00450   0.00565   0.12685   0.09906   0.05220   0.03235   0.00474   0.02309   0.02311   0.01618   0.01194   0.01279   0.00169   0.00138   0.09343   0.05260   0.02472   0.00927   0.02498   0.03859   0.01285   0.01905   0.01157   0.00511   0.01002   0.01044   0.01360   0.01584   0.01171   0.00729   0.00939   0.10166   0.14442   0.06404   0.05289   5.58153   0.50032  
  2 176742.1441 1177268.238179  x:  0.00739   0.01639   0.03094   0.04709   0.03771   0.00914   0.00749   0.01032   0.00393   0.01239   0.05617   0.05191   0.03808   0.02597   0.01620   0.01770   0.00203   0.01833   0.01053   0.00726   0.00777   0.00059   0.01244   0.03053   0.04663   0.04678   0.01546   0.11725   0.01545   0.03113   0.00581   0.03947   0.02512   0.03210   0.01770   0.00749   0.00690   0.04066   0.02487   0.01605   0.01594   0.00326   0.01687   0.01463   0.00866   0.00985   0.02039   0.01277   0.00749   0.00741   0.03452   0.05369   0.00466   0.00472   0.12676   0.09873   0.05241   0.03245   0.00426   0.02311   0.02300   0.01610   0.01167   0.01154   0.00209   0.00168   0.09307   0.05269   0.02437   0.00963   0.02653   0.03798   0.01195   0.01860   0.01083   0.00285   0.00923   0.00962   0.01223   0.01541   0.01018   0.00572   0.00710   0.10177   0.14390   0.06415   0.05307   5.58167   0.50344  
  3 182403.8992 1176878.129672  x:  0.00571   0.01402   0.03084   0.04710   0.03752   0.00820   0.00734   0.00942   0.00398   0.01166   0.05613   0.05188   0.03814   0.02573   0.01605   0.01580   0.00265   0.01870   0.00883   0.00606   0.00647   0.00264   0.01269   0.03019   0.04671   0.04706   0.01400   0.11740   0.01635   0.03214   0.00347   0.03953   0.02419   0.03152   0.01800   0.00725   0.00553   0.03999   0.02387   0.01512   0.01451   0.00170   0.01717   0.01375   0.00753   0.01005   0.01942   0.01235   0.00587   0.00739   0.03382   0.05396   0.00276   0.00330   0.12652   0.09811   0.05261   0.03247   0.00393   0.02302   0.02274   0.01596   0.01135   0.01017   0.00285   0.00256   0.09238   0.05270   0.02375   0.00986   0.02837   0.03696   0.01077   0.01803   0.01027   0.00335   0.00859   0.00895   0.01063   0.01486   0.00862   0.00519   0.00538   0.10188   0.14299   0.06420   0.05323   5.58190   0.50840  
  4 142542.6191 1176591.823198  x:  0.00409   0.01195   0.03062   0.04697   0.03720   0.00790   0.00742   0.00887   0.00407   0.01096   0.05596   0.05173   0.03806   0.02535   0.01581   0.01420   0.00262   0.01886   0.00806   0.00650   0.00675   0.00153   0.01266   0.02969   0.04664   0.04722   0.01257   0.11745   0.01725   0.03306   0.00228   0.03952   0.02327   0.03081   0.01815   0.00743   0.00585   0.03914   0.02281   0.01443   0.01351   0.00146   0.01723   0.01309   0.00701   0.01009   0.01851   0.01201   0.00613   0.00744   0.03301   0.05413   0.00000   0.00212   0.12617   0.09735   0.05269   0.03236   0.00395   0.02279   0.02238   0.01577   0.01113   0.00945   0.00202   0.00138   0.09151   0.05260   0.02303   0.00987   0.02984   0.03577   0.00989   0.01753   0.01002   0.00401   0.00845   0.00878   0.00971   0.01445   0.00810   0.00601   0.00611   0.10195   0.14187   0.06412   0.05326   5.58217   0.51416  
  5 129056.3549 1176399.985395  x:  0.00230   0.00986   0.03030   0.04673   0.03672   0.00783   0.00756   0.00853   0.00435   0.01020   0.05568   0.05147   0.03789   0.02484   0.01549   0.01258   0.00264   0.01892   0.00767   0.00737   0.00748   0.00085   0.01264   0.02901   0.04647   0.04731   0.01095   0.11744   0.01832   0.03410   0.00176   0.03946   0.02219   0.02989   0.01821   0.00771   0.00660   0.03804   0.02152   0.01376   0.01256   0.00155   0.01716   0.01245   0.00673   0.01005   0.01749   0.01165   0.00690   0.00745   0.03197   0.05425   0.00132   0.00111   0.12570   0.09636   0.05271   0.03215   0.00409   0.02245   0.02189   0.01552   0.01094   0.00901   0.00212   0.00193   0.09037   0.05239   0.02211   0.00975   0.03137   0.03424   0.00907   0.01698   0.00988   0.00484   0.00849   0.00878   0.00904   0.01403   0.00799   0.00704   0.00730   0.10202   0.14036   0.06394   0.05322   5.58253   0.52170  
  6 188872.0678 1175987.158556  x:  0.00052   0.00847   0.02961   0.04602   0.03560   0.00822   0.00754   0.00911   0.00464   0.00930   0.05493   0.05078   0.03735   0.02379   0.01497   0.01153   0.00227   0.01871   0.00858   0.00757   0.00786   0.00285   0.01274   0.02759   0.04590   0.04725   0.00881   0.11720   0.02033   0.03586   0.00467   0.03922   0.02051   0.02809   0.01807   0.00746   0.00690   0.03591   0.01940   0.01328   0.01218   0.00233   0.01676   0.01206   0.00744   0.00994   0.01620   0.01139   0.00746   0.00710   0.02997   0.05429   0.00137   0.00115   0.12462   0.09424   0.05252   0.03153   0.00419   0.02168   0.02095   0.01502   0.01084   0.00958   0.00212   0.00099   0.08781   0.05180   0.02044   0.00954   0.03359   0.03126   0.00885   0.01629   0.00972   0.00262   0.00868   0.00896   0.00956   0.01366   0.00897   0.00619   0.00728   0.10223   0.13696   0.06334   0.05294   5.58334   0.53862  
  7 151144.4515 1175624.839969  x:  0.00067   0.00883   0.02893   0.04525   0.03452   0.00847   0.00732   0.00979   0.00438   0.00889   0.05413   0.05004   0.03673   0.02291   0.01463   0.01181   0.00203   0.01837   0.00940   0.00713   0.00762   0.00158   0.01255   0.02629   0.04525   0.04706   0.00754   0.11685   0.02175   0.03715   0.00612   0.03884   0.01921   0.02660   0.01783   0.00702   0.00664   0.03394   0.01787   0.01320   0.01240   0.00099   0.01632   0.01209   0.00814   0.00982   0.01560   0.01139   0.00736   0.00681   0.02825   0.05422   0.00066   0.00198   0.12347   0.09208   0.05221   0.03087   0.00417   0.02104   0.02022   0.01462   0.01082   0.01025   0.00103   0.00320   0.08523   0.05118   0.01910   0.00944   0.03520   0.02872   0.00927   0.01595   0.00980   0.00242   0.00875   0.00907   0.01039   0.01352   0.00968   0.00505   0.00667   0.10249   0.13349   0.06263   0.05255   5.58420   0.55615  
  8 317112.2753 1175303.271489  x:  0.00155   0.00980   0.02839   0.04457   0.03365   0.00852   0.00708   0.01024   0.00410   0.00886   0.05341   0.04939   0.03618   0.02231   0.01446   0.01251   0.00212   0.01804   0.00977   0.00661   0.00719   0.00039   0.01238   0.02531   0.04466   0.04682   0.00707   0.11647   0.02261   0.03798   0.00629   0.03844   0.01837   0.02557   0.01761   0.00673   0.00627   0.03246   0.01702   0.01329   0.01280   0.00027   0.01599   0.01228   0.00851   0.00971   0.01547   0.01148   0.00698   0.00669   0.02702   0.05409   0.00063   0.00282   0.12241   0.09019   0.05189   0.03029   0.00412   0.02058   0.01975   0.01437   0.01079   0.01061   0.00266   0.00248   0.08299   0.05063   0.01821   0.00942   0.03623   0.02691   0.00975   0.01582   0.00994   0.00368   0.00870   0.00905   0.01093   0.01349   0.00989   0.00466   0.00614   0.10271   0.13042   0.06195   0.05217   5.58497   0.57170  
  9 514613.1406 1174813.714361  x:  0.00375   0.01199   0.02749   0.04337   0.03221   0.00837   0.00665   0.01080   0.00370   0.00918   0.05215   0.04824   0.03521   0.02146   0.01431   0.01409   0.00232   0.01743   0.00986   0.00577   0.00636   0.00088   0.01214   0.02379   0.04360   0.04633   0.00694   0.11574   0.02364   0.03906   0.00486   0.03766   0.01725   0.02412   0.01722   0.00644   0.00561   0.03017   0.01612   0.01359   0.01360   0.00195   0.01551   0.01276   0.00877   0.00951   0.01567   0.01171   0.00611   0.00667   0.02517   0.05379   0.00116   0.00428   0.12043   0.08679   0.05125   0.02928   0.00402   0.01994   0.01915   0.01404   0.01072   0.01086   0.00172   0.00128   0.07905   0.04967   0.01700   0.00946   0.03761   0.02425   0.01064   0.01575   0.01020   0.00684   0.00849   0.00888   0.01153   0.01349   0.00969   0.00492   0.00550   0.10305   0.12488   0.06070   0.05144   5.58638   0.59987  
 10 850209.6889 1173865.360386  x:  0.00640   0.01479   0.02655   0.04171   0.03079   0.00785   0.00679   0.01026   0.00405   0.01080   0.05028   0.04656   0.03393   0.02135   0.01463   0.01595   0.00155   0.01666   0.00856   0.00685   0.00681   0.00185   0.01198   0.02287   0.04208   0.04530   0.00970   0.11421   0.02331   0.03909   0.00075   0.03639   0.01796   0.02402   0.01689   0.00736   0.00624   0.02874   0.01779   0.01426   0.01438   0.00127   0.01528   0.01335   0.00788   0.00934   0.01729   0.01197   0.00621   0.00730   0.02454   0.05298   0.00112   0.00544   0.11694   0.08145   0.05002   0.02800   0.00416   0.01988   0.01941   0.01421   0.01053   0.00996   0.00244   0.00152   0.07335   0.04833   0.01723   0.00971   0.03753   0.02365   0.01130   0.01604   0.00949   0.00247   0.00789   0.00823   0.01095   0.01373   0.00813   0.00708   0.00710   0.10297   0.11602   0.05860   0.05013   5.58871   0.64507  
 11 348468.9939 1172948.748345  x:  0.00711   0.01522   0.02629   0.04032   0.03057   0.00731   0.00765   0.00781   0.00455   0.01252   0.04828   0.04478   0.03291   0.02267   0.01542   0.01568   0.00526   0.01659   0.00660   0.00745   0.00747   0.00124   0.01197   0.02389   0.04066   0.04386   0.01373   0.11171   0.02076   0.03743   0.00564   0.03529   0.02160   0.02646   0.01699   0.00787   0.00638   0.02995   0.02212   0.01452   0.01370   0.00113   0.01579   0.01306   0.00577   0.00943   0.01918   0.01158   0.00676   0.00739   0.02678   0.05156   0.00129   0.00474   0.11203   0.07500   0.04839   0.02721   0.00416   0.02085   0.02084   0.01496   0.01036   0.00798   0.00171   0.00147   0.06730   0.04700   0.02003   0.00986   0.03470   0.02746   0.01026   0.01666   0.00910   0.00295   0.00801   0.00822   0.00845   0.01394   0.00637   0.00625   0.00668   0.10180   0.10479   0.05604   0.04850   5.59186   0.70420  
 12 390254.5862 1172246.093515  x:  0.00602   0.01369   0.02704   0.04032   0.03170   0.00785   0.00750   0.00761   0.00418   0.01242   0.04764   0.04423   0.03296   0.02382   0.01545   0.01360   0.00127   0.01718   0.00811   0.00658   0.00711   0.00122   0.01183   0.02575   0.04044   0.04308   0.01439   0.10977   0.01701   0.03486   0.00470   0.03492   0.02361   0.02872   0.01704   0.00699   0.00596   0.03240   0.02449   0.01433   0.01279   0.00148   0.01627   0.01247   0.00681   0.00971   0.01925   0.01115   0.00668   0.00674   0.02952   0.05048   0.00126   0.00396   0.10892   0.07199   0.04758   0.02770   0.00388   0.02164   0.02172   0.01534   0.01069   0.00921   0.00194   0.00152   0.06525   0.04654   0.02257   0.00953   0.03115   0.03148   0.00924   0.01702   0.00965   0.00442   0.00854   0.00884   0.00888   0.01405   0.00921   0.00472   0.00603   0.10026   0.09858   0.05490   0.04783   5.59396   0.74172  
 13 330010.4509 1172028.469213  x:  0.00543   0.01279   0.02777   0.04087   0.03273   0.00817   0.00696   0.00884   0.00387   0.01167   0.04787   0.04447   0.03341   0.02416   0.01525   0.01315   0.00396   0.01759   0.00942   0.00605   0.00663   0.00105   0.01169   0.02685   0.04079   0.04290   0.01342   0.10878   0.01493   0.03312   0.00335   0.03506   0.02372   0.02948   0.01693   0.00657   0.00583   0.03393   0.02450   0.01404   0.01276   0.00134   0.01628   0.01237   0.00770   0.00962   0.01850   0.01115   0.00635   0.00663   0.03080   0.04997   0.00137   0.00432   0.10780   0.07177   0.04744   0.02851   0.00379   0.02177   0.02171   0.01523   0.01081   0.01022   0.00171   0.00126   0.06581   0.04658   0.02350   0.00916   0.02892   0.03322   0.00929   0.01699   0.00994   0.00386   0.00854   0.00892   0.01006   0.01393   0.00993   0.00547   0.00599   0.09917   0.09700   0.05487   0.04790   5.59491   0.75718  
 14 206978.9056 1171742.871611  x:  0.00590   0.01241   0.02907   0.04251   0.03473   0.00791   0.00646   0.01066   0.00402   0.01023   0.04926   0.04579   0.03477   0.02415   0.01465   0.01395   0.00272   0.01778   0.00832   0.00659   0.00660   0.00106   0.01171   0.02846   0.04206   0.04303   0.01131   0.10728   0.01347   0.03027   0.00453   0.03602   0.02275   0.02982   0.01669   0.00732   0.00607   0.03638   0.02266   0.01349   0.01372   0.00140   0.01601   0.01289   0.00729   0.00904   0.01689   0.01171   0.00607   0.00745   0.03215   0.04935   0.00130   0.00602   0.10692   0.07385   0.04774   0.03048   0.00399   0.02153   0.02108   0.01470   0.01050   0.00981   0.00183   0.00139   0.06958   0.04715   0.02405   0.00885   0.02553   0.03502   0.01036   0.01660   0.00990   0.00400   0.00792   0.00828   0.01082   0.01350   0.00712   0.00626   0.00602   0.09703   0.09766   0.05587   0.04879   5.59625   0.77575  
 15 110106.5416 1171546.227824  x:  0.00721   0.01290   0.02969   0.04413   0.03616   0.00811   0.00806   0.00936   0.00425   0.01050   0.05123   0.04763   0.03607   0.02399   0.01471   0.01512   0.00325   0.01767   0.00779   0.00655   0.00746   0.00124   0.01217   0.02934   0.04348   0.04342   0.01171   0.10603   0.01505   0.02832   0.00400   0.03708   0.02164   0.02960   0.01673   0.00692   0.00585   0.03817   0.02078   0.01389   0.01396   0.00145   0.01594   0.01314   0.00681   0.00947   0.01710   0.01193   0.00708   0.00670   0.03265   0.04917   0.00128   0.00610   0.10678   0.07747   0.04826   0.03211   0.00403   0.02133   0.02074   0.01464   0.01065   0.00897   0.00193   0.00135   0.07509   0.04799   0.02364   0.00913   0.02414   0.03571   0.01043   0.01646   0.00964   0.00388   0.00879   0.00900   0.00966   0.01401   0.00890   0.00494   0.00665   0.09466   0.10101   0.05752   0.05008   5.59756   0.79021  
 16 76108.4771 1171416.301542  x:  0.00766   0.01335   0.02977   0.04514   0.03671   0.00787   0.00736   0.00813   0.00407   0.01130   0.05282   0.04906   0.03679   0.02411   0.01518   0.01505   0.00304   0.01768   0.00899   0.00659   0.00686   0.00118   0.01236   0.02956   0.04445   0.04384   0.01306   0.10528   0.01676   0.02802   0.00478   0.03786   0.02172   0.02959   0.01714   0.00719   0.00650   0.03917   0.02062   0.01461   0.01368   0.00144   0.01623   0.01307   0.00744   0.00995   0.01826   0.01177   0.00641   0.00698   0.03277   0.04946   0.00125   0.00506   0.10716   0.08094   0.04872   0.03284   0.00412   0.02156   0.02113   0.01510   0.01111   0.00987   0.00197   0.00154   0.07996   0.04877   0.02315   0.00954   0.02473   0.03594   0.01003   0.01693   0.00999   0.00385   0.00871   0.00906   0.00945   0.01444   0.00930   0.00692   0.00603   0.09273   0.10497   0.05902   0.05113   5.59869   0.80060  
 17 81465.6634 1171322.219914  x:  0.00739   0.01377   0.02961   0.04556   0.03658   0.00845   0.00677   0.00917   0.00425   0.01178   0.05383   0.04991   0.03697   0.02451   0.01568   0.01453   0.00332   0.01785   0.00940   0.00713   0.00728   0.00128   0.01214   0.02931   0.04495   0.04428   0.01382   0.10509   0.01694   0.02905   0.00449   0.03822   0.02273   0.02992   0.01755   0.00739   0.00632   0.03947   0.02203   0.01498   0.01364   0.00152   0.01661   0.01311   0.00774   0.00973   0.01926   0.01170   0.00689   0.00761   0.03272   0.05017   0.00124   0.00408   0.10811   0.08411   0.04912   0.03273   0.00407   0.02210   0.02194   0.01559   0.01117   0.01054   0.00204   0.00157   0.08390   0.04949   0.02290   0.00969   0.02640   0.03594   0.01003   0.01766   0.01042   0.00419   0.00844   0.00886   0.01066   0.01449   0.00831   0.00551   0.00678   0.09143   0.10919   0.06021   0.05183   5.59975   0.80824  
 18 60571.8941 1171271.437310  x:  0.00696   0.01383   0.02948   0.04548   0.03619   0.00881   0.00772   0.01006   0.00416   0.01154   0.05410   0.05006   0.03676   0.02491   0.01579   0.01458   0.00320   0.01805   0.00880   0.00667   0.00740   0.00127   0.01199   0.02902   0.04500   0.04465   0.01367   0.10546   0.01595   0.03044   0.00466   0.03824   0.02379   0.03042   0.01763   0.00732   0.00638   0.03925   0.02354   0.01483   0.01408   0.00152   0.01671   0.01337   0.00751   0.00942   0.01932   0.01192   0.00693   0.00695   0.03276   0.05092   0.00120   0.00429   0.10942   0.08632   0.04942   0.03215   0.00410   0.02250   0.02244   0.01570   0.01099   0.01016   0.00207   0.00164   0.08606   0.04997   0.02306   0.00945   0.02749   0.03592   0.01040   0.01786   0.01034   0.00423   0.00897   0.00925   0.01099   0.01449   0.00883   0.00636   0.00648   0.09112   0.11260   0.06083   0.05204   5.60061   0.81269  
 19 41187.5036 1171246.871104  x:  0.00685   0.01365   0.02948   0.04525   0.03592   0.00811   0.00729   0.00960   0.00424   0.01127   0.05395   0.04986   0.03653   0.02512   0.01564   0.01508   0.00328   0.01818   0.00906   0.00714   0.00726   0.00132   0.01222   0.02897   0.04487   0.04490   0.01341   0.10617   0.01510   0.03129   0.00465   0.03808   0.02423   0.03080   0.01745   0.00738   0.00665   0.03885   0.02418   0.01468   0.01433   0.00154   0.01659   0.01350   0.00766   0.00972   0.01891   0.01212   0.00689   0.00731   0.03296   0.05144   0.00118   0.00477   0.11073   0.08754   0.04966   0.03160   0.00417   0.02256   0.02242   0.01556   0.01116   0.01009   0.00210   0.00165   0.08679   0.05022   0.02338   0.00923   0.02752   0.03602   0.01055   0.01763   0.01026   0.00429   0.00891   0.00927   0.01037   0.01454   0.00936   0.00608   0.00655   0.09158   0.11501   0.06100   0.05193   5.60130   0.81495  
 20 24541.5276 1171231.068340  x:  0.00685   0.01352   0.02967   0.04501   0.03586   0.00870   0.00748   0.00912   0.00440   0.01134   0.05360   0.04950   0.03637   0.02518   0.01549   0.01528   0.00322   0.01817   0.00936   0.00674   0.00744   0.00131   0.01254   0.02914   0.04466   0.04509   0.01352   0.10722   0.01499   0.03158   0.00470   0.03789   0.02420   0.03106   0.01725   0.00733   0.00626   0.03845   0.02413   0.01469   0.01419   0.00154   0.01651   0.01343   0.00774   0.00986   0.01860   0.01204   0.00697   0.00724   0.03326   0.05178   0.00119   0.00467   0.11223   0.08832   0.04991   0.03115   0.00417   0.02244   0.02216   0.01545   0.01132   0.01045   0.00210   0.00166   0.08675   0.05031   0.02373   0.00932   0.02687   0.03628   0.01047   0.01748   0.01042   0.00428   0.00872   0.00911   0.01029   0.01459   0.00892   0.00621   0.00682   0.09259   0.11729   0.06092   0.05162   5.60210   0.81651  
 21 16741.0622 1171217.328538  x:  0.00674   0.01358   0.02998   0.04484   0.03598   0.00870   0.00739   0.00940   0.00425   0.01159   0.05321   0.04915   0.03633   0.02518   0.01550   0.01512   0.00328   0.01809   0.00917   0.00703   0.00739   0.00131   0.01256   0.02940   0.04448   0.04522   0.01376   0.10852   0.01530   0.03143   0.00460   0.03774   0.02396   0.03120   0.01724   0.00747   0.00671   0.03821   0.02376   0.01479   0.01403   0.00155   0.01656   0.01337   0.00763   0.00970   0.01866   0.01196   0.00695   0.00709   0.03357   0.05197   0.00119   0.00419   0.11394   0.08889   0.05018   0.03089   0.00424   0.02233   0.02198   0.01550   0.01119   0.01040   0.00210   0.00164   0.08629   0.05030   0.02401   0.00953   0.02613   0.03663   0.01039   0.01755   0.01047   0.00427   0.00896   0.00927   0.01076   0.01466   0.00893   0.00609   0.00639   0.09396   0.11966   0.06072   0.05121   5.60313   0.81794  
 22 19601.1620 1171211.629919  x:  0.00653   0.01368   0.03010   0.04486   0.03613   0.00840   0.00733   0.00969   0.00426   0.01169   0.05310   0.04907   0.03642   0.02517   0.01562   0.01499   0.00327   0.01810   0.00908   0.00693   0.00729   0.00132   0.01236   0.02952   0.04447   0.04523   0.01378   0.10918   0.01547   0.03115   0.00475   0.03779   0.02387   0.03119   0.01737   0.00731   0.00643   0.03830   0.02358   0.01487   0.01413   0.00154   0.01666   0.01344   0.00767   0.00966   0.01890   0.01204   0.00693   0.00731   0.03366   0.05197   0.00119   0.00404   0.11479   0.08904   0.05030   0.03097   0.00419   0.02239   0.02208   0.01559   0.01114   0.01025   0.00211   0.00167   0.08588   0.05025   0.02404   0.00953   0.02606   0.03680   0.01042   0.01766   0.01038   0.00429   0.00893   0.00927   0.01078   0.01465   0.00916   0.00622   0.00674   0.09471   0.12073   0.06060   0.05104   5.60378   0.81854  
 23 14684.1913 1171207.162615  x:  0.00624   0.01377   0.03011   0.04503   0.03635   0.00849   0.00754   0.00969   0.00432   0.01167   0.05313   0.04916   0.03663   0.02516   0.01578   0.01503   0.00329   0.01820   0.00926   0.00695   0.00747   0.00133   0.01214   0.02960   0.04457   0.04517   0.01363   0.10981   0.01547   0.03074   0.00471   0.03797   0.02387   0.03108   0.01756   0.00747   0.00654   0.03865   0.02355   0.01491   0.01435   0.00155   0.01672   0.01355   0.00778   0.00973   0.01916   0.01215   0.00694   0.00729   0.03365   0.05185   0.00119   0.00416   0.11559   0.08903   0.05036   0.03129   0.00419   0.02254   0.02234   0.01571   0.01125   0.01032   0.00211   0.00167   0.08531   0.05016   0.02394   0.00940   0.02641   0.03689   0.01053   0.01778   0.01037   0.00434   0.00880   0.00919   0.01052   0.01459   0.00912   0.00619   0.00659   0.09548   0.12161   0.06051   0.05097   5.60463   0.81900  
 24 9796.8500 1171204.913196  x:  0.00618   0.01380   0.03004   0.04521   0.03647   0.00860   0.00738   0.00952   0.00425   0.01161   0.05328   0.04934   0.03678   0.02518   0.01577   0.01517   0.00328   0.01823   0.00921   0.00701   0.00733   0.00134   0.01229   0.02962   0.04472   0.04513   0.01361   0.11015   0.01543   0.03058   0.00472   0.03814   0.02397   0.03102   0.01757   0.00739   0.00655   0.03898   0.02366   0.01487   0.01433   0.00155   0.01669   0.01354   0.00769   0.00972   0.01913   0.01209   0.00701   0.00718   0.03359   0.05175   0.00119   0.00427   0.11601   0.08893   0.05036   0.03157   0.00418   0.02261   0.02244   0.01569   0.01127   0.01040   0.00213   0.00168   0.08492   0.05015   0.02388   0.00939   0.02673   0.03690   0.01058   0.01780   0.01047   0.00433   0.00900   0.00932   0.01062   0.01465   0.00905   0.00620   0.00670   0.09594   0.12202   0.06052   0.05104   5.60537   0.81921  
 25 7048.3496 1171203.487741  x:  0.00626   0.01380   0.02999   0.04537   0.03652   0.00857   0.00741   0.00956   0.00436   0.01162   0.05350   0.04956   0.03687   0.02521   0.01568   0.01523   0.00329   0.01821   0.00918   0.00698   0.00748   0.00131   0.01249   0.02961   0.04488   0.04513   0.01369   0.11036   0.01542   0.03065   0.00473   0.03827   0.02407   0.03102   0.01749   0.00742   0.00656   0.03921   0.02381   0.01488   0.01424   0.00156   0.01665   0.01350   0.00772   0.00973   0.01900   0.01206   0.00698   0.00734   0.03355   0.05169   0.00119   0.00425   0.11624   0.08877   0.05031   0.03177   0.00421   0.02260   0.02240   0.01563   0.01122   0.01036   0.00212   0.00169   0.08467   0.05020   0.02389   0.00943   0.02685   0.03686   0.01055   0.01775   0.01047   0.00434   0.00893   0.00929   0.01078   0.01472   0.00917   0.00623   0.00664   0.09627   0.12223   0.06059   0.05119   5.60618   0.81932  
 26 5332.7752 1171202.058798  x:  0.00635   0.01381   0.02997   0.04553   0.03652   0.00852   0.00754   0.00970   0.00420   0.01161   0.05379   0.04983   0.03691   0.02527   0.01564   0.01518   0.00330   0.01819   0.00927   0.00703   0.00739   0.00133   0.01249   0.02957   0.04506   0.04517   0.01377   0.11052   0.01544   0.03088   0.00475   0.03835   0.02413   0.03109   0.01743   0.00747   0.00659   0.03935   0.02390   0.01493   0.01426   0.00156   0.01668   0.01354   0.00780   0.00976   0.01893   0.01215   0.00699   0.00720   0.03353   0.05167   0.00119   0.00418   0.11640   0.08855   0.05024   0.03189   0.00421   0.02254   0.02228   0.01561   0.01125   0.01036   0.00213   0.00169   0.08450   0.05032   0.02396   0.00947   0.02676   0.03679   0.01051   0.01770   0.01042   0.00436   0.00887   0.00925   0.01070   0.01471   0.00914   0.00621   0.00673   0.09656   0.12234   0.06073   0.05144   5.60743   0.81939  
 27 5174.2431 1171199.934443  x:  0.00634   0.01380   0.02998   0.04568   0.03646   0.00856   0.00741   0.00973   0.00438   0.01161   0.05416   0.05015   0.03691   0.02532   0.01570   0.01512   0.00330   0.01819   0.00930   0.00702   0.00744   0.00132   0.01228   0.02952   0.04524   0.04526   0.01378   0.11070   0.01547   0.03124   0.00472   0.03838   0.02413   0.03121   0.01745   0.00738   0.00655   0.03938   0.02389   0.01497   0.01439   0.00156   0.01674   0.01361   0.00774   0.00974   0.01902   0.01221   0.00709   0.00728   0.03355   0.05172   0.00120   0.00419   0.11657   0.08823   0.05015   0.03195   0.00424   0.02250   0.02220   0.01568   0.01133   0.01044   0.00213   0.00169   0.08438   0.05053   0.02409   0.00947   0.02651   0.03670   0.01056   0.01774   0.01047   0.00434   0.00906   0.00936   0.01058   0.01466   0.00909   0.00625   0.00663   0.09688   0.12238   0.06097   0.05182   5.60978   0.81944  
 28 7845.0974 1171196.470482  x:  0.00616   0.01381   0.03007   0.04578   0.03640   0.00872   0.00739   0.00949   0.00427   0.01153   0.05454   0.05042   0.03686   0.02535   0.01586   0.01519   0.00332   0.01826   0.00917   0.00698   0.00752   0.00136   0.01217   0.02951   0.04539   0.04543   0.01373   0.11089   0.01549   0.03153   0.00475   0.03832   0.02406   0.03135   0.01761   0.00752   0.00666   0.03924   0.02375   0.01495   0.01444   0.00156   0.01677   0.01359   0.00768   0.00973   0.01925   0.01210   0.00684   0.00734   0.03366   0.05187   0.00119   0.00438   0.11673   0.08783   0.05008   0.03191   0.00418   0.02258   0.02231   0.01578   0.01128   0.01042   0.00215   0.00170   0.08440   0.05080   0.02420   0.00947   0.02628   0.03670   0.01068   0.01791   0.01056   0.00436   0.00895   0.00930   0.01076   0.01470   0.00925   0.00620   0.00679   0.09724   0.12232   0.06129   0.05226   5.61412   0.81946  
 29 12564.0296 1171188.144624  x:  0.00587   0.01397   0.03035   0.04577   0.03638   0.00854   0.00759   0.00945   0.00433   0.01144   0.05496   0.05063   0.03678   0.02531   0.01601   0.01544   0.00331   0.01840   0.00922   0.00722   0.00733   0.00134   0.01253   0.02965   0.04545   0.04574   0.01369   0.11123   0.01552   0.03159   0.00474   0.03814   0.02391   0.03149   0.01781   0.00745   0.00645   0.03884   0.02349   0.01494   0.01427   0.00158   0.01671   0.01348   0.00790   0.00983   0.01950   0.01196   0.00738   0.00724   0.03395   0.05227   0.00118   0.00469   0.11695   0.08717   0.05012   0.03174   0.00426   0.02286   0.02276   0.01586   0.01116   0.01034   0.00216   0.00172   0.08476   0.05121   0.02424   0.00945   0.02632   0.03693   0.01067   0.01808   0.01047   0.00441   0.00875   0.00921   0.01102   0.01486   0.00919   0.00633   0.00660   0.09782   0.12208   0.06181   0.05292   5.62548   0.81944  
 30 25086.5937 1171165.491415  x:  0.00581   0.01431   0.03092   0.04557   0.03649   0.00829   0.00763   0.01002   0.00457   0.01152   0.05538   0.05064   0.03672   0.02519   0.01591   0.01563   0.00329   0.01851   0.00954   0.00687   0.00766   0.00131   0.01326   0.03003   0.04531   0.04628   0.01373   0.11193   0.01558   0.03108   0.00479   0.03789   0.02380   0.03151   0.01784   0.00745   0.00687   0.03811   0.02329   0.01499   0.01411   0.00160   0.01664   0.01356   0.00797   0.00979   0.01944   0.01220   0.00690   0.00718   0.03448   0.05317   0.00117   0.00480   0.11730   0.08591   0.05047   0.03143   0.00411   0.02323   0.02336   0.01573   0.01138   0.01049   0.00217   0.00174   0.08593   0.05183   0.02402   0.00946   0.02701   0.03760   0.01040   0.01797   0.01033   0.00444   0.00935   0.00959   0.01070   0.01495   0.00888   0.00625   0.00694   0.09902   0.12146   0.06269   0.05387   5.65652   0.81930  
 31 68522.3770 1171116.545708  x:  0.00639   0.01423   0.03138   0.04517   0.03684   0.00929   0.00743   0.01008   0.00379   0.01176   0.05541   0.05022   0.03686   0.02520   0.01553   0.01528   0.00338   0.01829   0.00928   0.00741   0.00762   0.00142   0.01295   0.03043   0.04487   0.04685   0.01374   0.11318   0.01567   0.03000   0.00494   0.03790   0.02405   0.03127   0.01742   0.00757   0.00648   0.03752   0.02365   0.01520   0.01467   0.00158   0.01682   0.01402   0.00748   0.00955   0.01881   0.01272   0.00710   0.00788   0.03491   0.05451   0.00117   0.00442   0.11781   0.08423   0.05142   0.03128   0.00447   0.02314   0.02322   0.01560   0.01167   0.01070   0.00221   0.00177   0.08833   0.05244   0.02346   0.00954   0.02819   0.03848   0.01058   0.01761   0.01081   0.00437   0.00909   0.00938   0.01036   0.01479   0.00958   0.00643   0.00670   0.10099   0.12035   0.06374   0.05474   5.72408   0.81894  
 32 157020.0700 1171041.239854  x:  0.00694   0.01367   0.03119   0.04485   0.03726   0.00889   0.00714   0.00935   0.00529   0.01213   0.05482   0.04951   0.03738   0.02551   0.01557   0.01496   0.00343   0.01802   0.00910   0.00710   0.00714   0.00143   0.01161   0.03046   0.04439   0.04701   0.01377   0.11470   0.01579   0.02939   0.00499   0.03843   0.02463   0.03095   0.01717   0.00771   0.00695   0.03775   0.02451   0.01542   0.01517   0.00157   0.01703   0.01401   0.00791   0.00990   0.01851   0.01244   0.00734   0.00666   0.03475   0.05548   0.00117   0.00442   0.11843   0.08306   0.05266   0.03159   0.00402   0.02243   0.02207   0.01565   0.01127   0.01040   0.00221   0.00177   0.09136   0.05264   0.02287   0.00933   0.02865   0.03875   0.01115   0.01767   0.01089   0.00442   0.00856   0.00914   0.01120   0.01462   0.00966   0.00634   0.00695   0.10307   0.11899   0.06434   0.05481   5.82868   0.81833  
 33 307394.5039 1170912.684361  x:  0.00668   0.01312   0.03017   0.04486   0.03757   0.00785   0.00818   0.00894   0.00384   0.01184   0.05341   0.04860   0.03798   0.02598   0.01617   0.01526   0.00334   0.01817   0.00982   0.00707   0.00813   0.00153   0.01103   0.03000   0.04411   0.04650   0.01395   0.11658   0.01594   0.03006   0.00478   0.03947   0.02521   0.03075   0.01755   0.00717   0.00661   0.03911   0.02533   0.01513   0.01461   0.00160   0.01695   0.01329   0.00836   0.01020   0.01924   0.01158   0.00709   0.00761   0.03365   0.05551   0.00114   0.00518   0.11921   0.08291   0.05397   0.03245   0.00471   0.02170   0.02078   0.01626   0.01093   0.01037   0.00225   0.00178   0.09503   0.05217   0.02256   0.00890   0.02764   0.03785   0.01113   0.01818   0.01018   0.00449   0.00962   0.00980   0.01173   0.01476   0.00867   0.00631   0.00678   0.10509   0.11728   0.06413   0.05357   6.00615   0.81722  
 34 506508.4316 1170743.902024  x:  0.00551   0.01359   0.02897   0.04546   0.03748   0.00903   0.00777   0.01051   0.00456   0.01175   0.05192   0.04828   0.03831   0.02605   0.01649   0.01580   0.00330   0.01863   0.00947   0.00731   0.00700   0.00121   0.01312   0.02932   0.04448   0.04540   0.01414   0.11805   0.01592   0.03208   0.00468   0.04028   0.02510   0.03101   0.01830   0.00793   0.00659   0.04098   0.02507   0.01451   0.01368   0.00164   0.01670   0.01327   0.00740   0.00962   0.02034   0.01207   0.00711   0.00767   0.03221   0.05393   0.00110   0.00551   0.11980   0.08440   0.05433   0.03320   0.00368   0.02215   0.02143   0.01631   0.01172   0.01080   0.00217   0.00177   0.09761   0.05105   0.02309   0.00949   0.02563   0.03604   0.01031   0.01846   0.01045   0.00456   0.00910   0.00938   0.01032   0.01518   0.00951   0.00629   0.00680   0.10599   0.11594   0.06282   0.05118   6.24061   0.81571  
 35 713302.0150 1170632.804639  x:  0.00543   0.01407   0.02899   0.04611   0.03704   0.00874   0.00656   0.00999   0.00411   0.01201   0.05189   0.04898   0.03780   0.02559   0.01585   0.01540   0.00336   0.01864   0.00890   0.00683   0.00819   0.00126   0.01368   0.02918   0.04525   0.04484   0.01384   0.11799   0.01546   0.03316   0.00470   0.03988   0.02442   0.03148   0.01806   0.00714   0.00668   0.04149   0.02412   0.01511   0.01447   0.00157   0.01682   0.01404   0.00811   0.00993   0.01989   0.01265   0.00710   0.00650   0.03232   0.05210   0.00111   0.00441   0.11973   0.08647   0.05321   0.03297   0.00526   0.02329   0.02328   0.01597   0.01147   0.01032   0.00218   0.00179   0.09688   0.05028   0.02405   0.01040   0.02558   0.03541   0.01048   0.01813   0.01096   0.00447   0.00861   0.00917   0.01036   0.01492   0.00937   0.00631   0.00677   0.10503   0.11617   0.06155   0.04981   6.39905   0.81464  
 36 568822.6597 1170519.916069  x:  0.00607   0.01431   0.02968   0.04669   0.03646   0.00859   0.00791   0.00891   0.00423   0.01227   0.05263   0.05013   0.03699   0.02507   0.01529   0.01490   0.00338   0.01841   0.00928   0.00705   0.00735   0.00133   0.01292   0.02931   0.04612   0.04462   0.01350   0.11704   0.01503   0.03348   0.00474   0.03885   0.02368   0.03193   0.01747   0.00735   0.00684   0.04121   0.02312   0.01562   0.01520   0.00152   0.01696   0.01424   0.00831   0.01005   0.01890   0.01249   0.00716   0.00773   0.03318   0.05028   0.00115   0.00332   0.11935   0.08918   0.05126   0.03216   0.00374   0.02393   0.02448   0.01520   0.01107   0.01019   0.00216   0.00176   0.09415   0.04964   0.02499   0.01038   0.02656   0.03549   0.01076   0.01772   0.01077   0.00438   0.00926   0.00956   0.01115   0.01456   0.00899   0.00626   0.00671   0.10290   0.11738   0.06031   0.04909   6.55485   0.81358  
 37 683704.6508 1170427.561390  x:  0.00684   0.01404   0.03062   0.04677   0.03607   0.00837   0.00766   0.00948   0.00458   0.01192   0.05381   0.05107   0.03640   0.02503   0.01570   0.01514   0.00330   0.01810   0.00958   0.00732   0.00739   0.00133   0.01179   0.02967   0.04653   0.04490   0.01379   0.11528   0.01543   0.03256   0.00480   0.03780   0.02360   0.03192   0.01719   0.00784   0.00624   0.04015   0.02303   0.01512   0.01438   0.00156   0.01678   0.01327   0.00711   0.00954   0.01854   0.01173   0.00679   0.00705   0.03417   0.04959   0.00116   0.00387   0.11880   0.09187   0.04935   0.03137   0.00468   0.02326   0.02359   0.01566   0.01141   0.01080   0.00213   0.00171   0.08984   0.04941   0.02512   0.00905   0.02769   0.03628   0.01040   0.01761   0.01009   0.00437   0.00902   0.00929   0.01096   0.01472   0.00930   0.00624   0.00682   0.09991   0.11945   0.05969   0.04957   6.68212   0.81269  
 38 444975.9359 1170384.451065  x:  0.00677   0.01367   0.03082   0.04649   0.03601   0.00866   0.00714   0.00985   0.00405   0.01144   0.05440   0.05123   0.03632   0.02518   0.01599   0.01533   0.00328   0.01810   0.00909   0.00673   0.00761   0.00138   0.01202   0.02980   0.04638   0.04518   0.01395   0.11395   0.01573   0.03170   0.00475   0.03754   0.02385   0.03162   0.01740   0.00728   0.00683   0.03941   0.02345   0.01488   0.01398   0.00156   0.01668   0.01326   0.00780   0.00979   0.01895   0.01207   0.00734   0.00727   0.03439   0.04996   0.00116   0.00419   0.11839   0.09306   0.04871   0.03118   0.00399   0.02253   0.02244   0.01579   0.01134   0.01040   0.00216   0.00172   0.08698   0.04954   0.02477   0.00906   0.02780   0.03677   0.01047   0.01777   0.01048   0.00434   0.00878   0.00921   0.01054   0.01480   0.00921   0.00627   0.00664   0.09795   0.12090   0.05972   0.05033   6.74138   0.81228  
 39 323189.7670 1170363.988864  x:  0.00640   0.01353   0.03059   0.04611   0.03611   0.00878   0.00747   0.00972   0.00441   0.01135   0.05459   0.05101   0.03653   0.02526   0.01591   0.01527   0.00328   0.01825   0.00915   0.00721   0.00735   0.00127   0.01261   0.02976   0.04598   0.04535   0.01379   0.11292   0.01570   0.03118   0.00470   0.03773   0.02405   0.03128   0.01762   0.00730   0.00650   0.03900   0.02380   0.01487   0.01424   0.00155   0.01668   0.01369   0.00809   0.00984   0.01927   0.01235   0.00677   0.00725   0.03413   0.05068   0.00120   0.00402   0.11804   0.09340   0.04883   0.03135   0.00439   0.02234   0.02201   0.01581   0.01121   0.01022   0.00211   0.00169   0.08512   0.04981   0.02436   0.00961   0.02732   0.03692   0.01066   0.01789   0.01070   0.00435   0.00898   0.00935   0.01062   0.01474   0.00913   0.00621   0.00669   0.09667   0.12196   0.06001   0.05104   6.76984   0.81207  
 40 152167.0278 1170353.766236  x:  0.00631   0.01373   0.03029   0.04581   0.03629   0.00843   0.00740   0.00951   0.00421   0.01148   0.05457   0.05069   0.03676   0.02528   0.01571   0.01516   0.00328   0.01834   0.00930   0.00686   0.00743   0.00129   0.01275   0.02965   0.04560   0.04543   0.01358   0.11212   0.01554   0.03101   0.00468   0.03806   0.02411   0.03110   0.01766   0.00761   0.00649   0.03889   0.02391   0.01493   0.01450   0.00153   0.01672   0.01378   0.00764   0.00964   0.01924   0.01221   0.00708   0.00721   0.03377   0.05134   0.00120   0.00380   0.11777   0.09332   0.04927   0.03163   0.00428   0.02255   0.02224   0.01567   0.01127   0.01043   0.00210   0.00169   0.08399   0.05013   0.02411   0.00971   0.02677   0.03686   0.01058   0.01786   0.01045   0.00435   0.00894   0.00927   0.01078   0.01468   0.00916   0.00620   0.00665   0.09590   0.12278   0.06034   0.05156   6.78397   0.81197  
 41 74340.9711 1170350.024999  x:  0.00643   0.01390   0.03014   0.04570   0.03642   0.00857   0.00740   0.00958   0.00423   0.01161   0.05444   0.05045   0.03689   0.02526   0.01565   0.01514   0.00327   0.01829   0.00920   0.00704   0.00747   0.00130   0.01252   0.02960   0.04539   0.04543   0.01356   0.11164   0.01548   0.03108   0.00471   0.03825   0.02407   0.03111   0.01757   0.00728   0.00656   0.03899   0.02383   0.01499   0.01438   0.00154   0.01673   0.01355   0.00769   0.00975   0.01907   0.01207   0.00694   0.00720   0.03360   0.05164   0.00121   0.00382   0.11761   0.09307   0.04963   0.03178   0.00417   0.02276   0.02258   0.01561   0.01128   0.01042   0.00211   0.00168   0.08354   0.05033   0.02412   0.00950   0.02656   0.03677   0.01046   0.01778   0.01040   0.00434   0.00886   0.00925   0.01070   0.01468   0.00915   0.00622   0.00664   0.09558   0.12329   0.06053   0.05176   6.78910   0.81193  
 42 28794.3778 1170348.796333  x:  0.00648   0.01387   0.03012   0.04569   0.03648   0.00861   0.00739   0.00962   0.00425   0.01160   0.05431   0.05031   0.03692   0.02524   0.01569   0.01514   0.00328   0.01824   0.00919   0.00694   0.00737   0.00130   0.01242   0.02960   0.04533   0.04539   0.01364   0.11134   0.01549   0.03118   0.00470   0.03830   0.02401   0.03119   0.01751   0.00746   0.00656   0.03913   0.02371   0.01498   0.01425   0.00154   0.01671   0.01349   0.00781   0.00980   0.01900   0.01212   0.00700   0.00726   0.03359   0.05171   0.00121   0.00390   0.11750   0.09279   0.04983   0.03181   0.00430   0.02281   0.02270   0.01565   0.01125   0.01034   0.00211   0.00168   0.08341   0.05042   0.02422   0.00947   0.02661   0.03674   0.01052   0.01775   0.01050   0.00432   0.00894   0.00930   0.01066   0.01469   0.00915   0.00620   0.00667   0.09546   0.12360   0.06061   0.05178   6.79082   0.81192  
 43 10541.5239 1170347.844816  x:  0.00648   0.01377   0.03014   0.04573   0.03652   0.00855   0.00738   0.00962   0.00423   0.01157   0.05414   0.05019   0.03691   0.02522   0.01575   0.01516   0.00327   0.01822   0.00924   0.00701   0.00747   0.00130   0.01242   0.02965   0.04531   0.04535   0.01375   0.11098   0.01553   0.03130   0.00469   0.03830   0.02394   0.03131   0.01749   0.00746   0.00649   0.03930   0.02356   0.01493   0.01424   0.00154   0.01671   0.01357   0.00777   0.00975   0.01899   0.01220   0.00698   0.00719   0.03363   0.05169   0.00121   0.00399   0.11736   0.09236   0.05002   0.03178   0.00417   0.02276   0.02268   0.01567   0.01125   0.01035   0.00211   0.00168   0.08335   0.05049   0.02436   0.00953   0.02676   0.03673   0.01060   0.01776   0.01053   0.00433   0.00893   0.00928   0.01069   0.01470   0.00915   0.00622   0.00665   0.09536   0.12398   0.06068   0.05171   6.79214   0.81191  
 44 7125.3800 1170347.351897  x:  0.00646   0.01375   0.03018   0.04577   0.03652   0.00856   0.00742   0.00961   0.00425   0.01157   0.05406   0.05015   0.03688   0.02520   0.01575   0.01517   0.00327   0.01823   0.00922   0.00697   0.00741   0.00130   0.01248   0.02968   0.04534   0.04532   0.01375   0.11073   0.01553   0.03135   0.00468   0.03826   0.02392   0.03135   0.01751   0.00736   0.00658   0.03940   0.02351   0.01493   0.01432   0.00154   0.01671   0.01361   0.00773   0.00972   0.01903   0.01218   0.00699   0.00724   0.03368   0.05163   0.00121   0.00402   0.11725   0.09203   0.05009   0.03173   0.00425   0.02271   0.02260   0.01568   0.01127   0.01040   0.00211   0.00168   0.08336   0.05049   0.02440   0.00953   0.02684   0.03672   0.01056   0.01778   0.01046   0.00434   0.00889   0.00926   0.01071   0.01470   0.00914   0.00620   0.00666   0.09533   0.12426   0.06070   0.05162   6.79283   0.81190  
 45 5125.0729 1170347.016880  x:  0.00642   0.01381   0.03021   0.04581   0.03648   0.00858   0.00737   0.00961   0.00424   0.01160   0.05402   0.05017   0.03684   0.02520   0.01571   0.01517   0.00327   0.01826   0.00918   0.00698   0.00743   0.00129   0.01251   0.02968   0.04538   0.04530   0.01366   0.11052   0.01551   0.03133   0.00468   0.03822   0.02393   0.03132   0.01754   0.00743   0.00653   0.03941   0.02354   0.01497   0.01437   0.00154   0.01670   0.01358   0.00777   0.00976   0.01907   0.01211   0.00698   0.00722   0.03370   0.05155   0.00121   0.00402   0.11714   0.09170   0.05009   0.03168   0.00423   0.02268   0.02252   0.01565   0.01126   0.01037   0.00210   0.00168   0.08342   0.05045   0.02436   0.00948   0.02683   0.03670   0.01048   0.01778   0.01045   0.00433   0.00891   0.00928   0.01069   0.01468   0.00914   0.00621   0.00665   0.09533   0.12454   0.06069   0.05151   6.79329   0.81190  
 46 3051.7568 1170346.820811  x:  0.00639   0.01384   0.03020   0.04581   0.03643   0.00855   0.00739   0.00959   0.00424   0.01160   0.05403   0.05021   0.03682   0.02521   0.01569   0.01515   0.00327   0.01826   0.00922   0.00697   0.00742   0.00129   0.01248   0.02966   0.04542   0.04530   0.01362   0.11038   0.01551   0.03128   0.00468   0.03818   0.02396   0.03125   0.01754   0.00740   0.00654   0.03936   0.02360   0.01495   0.01429   0.00154   0.01670   0.01354   0.00773   0.00974   0.01905   0.01214   0.00698   0.00722   0.03369   0.05148   0.00121   0.00404   0.11704   0.09145   0.05003   0.03165   0.00423   0.02270   0.02253   0.01564   0.01125   0.01035   0.00210   0.00168   0.08349   0.05038   0.02430   0.00951   0.02676   0.03669   0.01054   0.01777   0.01050   0.00432   0.00890   0.00926   0.01068   0.01468   0.00914   0.00621   0.00665   0.09536   0.12476   0.06066   0.05142   6.79357   0.81189  
 47 1977.2414 1170346.765550  x:  0.00638   0.01381   0.03018   0.04580   0.03642   0.00856   0.00738   0.00959   0.00424   0.01158   0.05405   0.05023   0.03682   0.02521   0.01571   0.01515   0.00327   0.01824   0.00919   0.00697   0.00742   0.00129   0.01247   0.02964   0.04542   0.04529   0.01365   0.11034   0.01552   0.03125   0.00468   0.03818   0.02396   0.03123   0.01752   0.00741   0.00653   0.03932   0.02361   0.01494   0.01429   0.00154   0.01670   0.01356   0.00775   0.00974   0.01903   0.01215   0.00697   0.00722   0.03367   0.05146   0.00121   0.00406   0.11699   0.09137   0.04999   0.03167   0.00423   0.02272   0.02256   0.01565   0.01126   0.01037   0.00210   0.00168   0.08352   0.05035   0.02428   0.00951   0.02673   0.03670   0.01054   0.01776   0.01045   0.00433   0.00890   0.00927   0.01068   0.01468   0.00913   0.00620   0.00665   0.09538   0.12483   0.06064   0.05139   6.79364   0.81189  
 48 982.2215 1170346.750668  x:  0.00638   0.01379   0.03017   0.04578   0.03642   0.00856   0.00738   0.00960   0.00424   0.01157   0.05407   0.05024   0.03682   0.02521   0.01571   0.01515   0.00327   0.01824   0.00921   0.00697   0.00742   0.00129   0.01247   0.02963   0.04540   0.04529   0.01367   0.11034   0.01551   0.03124   0.00468   0.03819   0.02396   0.03124   0.01752   0.00740   0.00653   0.03929   0.02361   0.01493   0.01431   0.00154   0.01670   0.01356   0.00774   0.00974   0.01902   0.01214   0.00697   0.00722   0.03366   0.05146   0.00121   0.00406   0.11695   0.09135   0.04995   0.03169   0.00422   0.02271   0.02257   0.01566   0.01125   0.01035   0.00210   0.00168   0.08354   0.05034   0.02428   0.00951   0.02673   0.03670   0.01052   0.01776   0.01047   0.00433   0.00890   0.00926   0.01068   0.01468   0.00913   0.00620   0.00665   0.09539   0.12486   0.06062   0.05138   6.79367   0.81189  
 49 435.9880 1170346.743249  x:  0.00638   0.01379   0.03016   0.04576   0.03643   0.00856   0.00739   0.00960   0.00424   0.01157   0.05408   0.05023   0.03683   0.02520   0.01571   0.01515   0.00327   0.01824   0.00920   0.00697   0.00742   0.00129   0.01247   0.02963   0.04538   0.04528   0.01367   0.11035   0.01550   0.03124   0.00468   0.03819   0.02395   0.03125   0.01752   0.00740   0.00653   0.03928   0.02360   0.01494   0.01430   0.00154   0.01670   0.01355   0.00774   0.00975   0.01903   0.01214   0.00697   0.00722   0.03365   0.05146   0.00121   0.00406   0.11692   0.09134   0.04992   0.03172   0.00423   0.02270   0.02257   0.01565   0.01125   0.01036   0.00210   0.00168   0.08355   0.05033   0.02430   0.00951   0.02674   0.03670   0.01052   0.01776   0.01047   0.00433   0.00890   0.00927   0.01068   0.01468   0.00913   0.00620   0.00665   0.09541   0.12489   0.06060   0.05138   6.79368   0.81189  
 50 267.1481 1170346.741334  x:  0.00637   0.01380   0.03016   0.04576   0.03643   0.00856   0.00738   0.00959   0.00424   0.01158   0.05408   0.05023   0.03683   0.02520   0.01571   0.01515   0.00327   0.01824   0.00920   0.00697   0.00742   0.00129   0.01247   0.02963   0.04538   0.04528   0.01367   0.11035   0.01550   0.03125   0.00468   0.03820   0.02395   0.03125   0.01752   0.00740   0.00653   0.03928   0.02360   0.01494   0.01430   0.00154   0.01670   0.01356   0.00774   0.00974   0.01903   0.01214   0.00697   0.00722   0.03365   0.05147   0.00121   0.00406   0.11690   0.09134   0.04992   0.03172   0.00423   0.02270   0.02256   0.01565   0.01125   0.01036   0.00210   0.00168   0.08355   0.05033   0.02430   0.00951   0.02674   0.03670   0.01052   0.01776   0.01046   0.00433   0.00890   0.00926   0.01068   0.01468   0.00913   0.00620   0.00665   0.09542   0.12489   0.06060   0.05139   6.79368   0.81189  
 51 144.4321 1170346.739807  x:  0.00637   0.01380   0.03017   0.04576   0.03643   0.00856   0.00739   0.00959   0.00424   0.01157   0.05408   0.05022   0.03683   0.02521   0.01571   0.01515   0.00327   0.01824   0.00920   0.00697   0.00742   0.00129   0.01247   0.02964   0.04538   0.04528   0.01366   0.11036   0.01551   0.03125   0.00468   0.03819   0.02395   0.03125   0.01752   0.00740   0.00653   0.03929   0.02360   0.01494   0.01430   0.00154   0.01670   0.01356   0.00774   0.00974   0.01903   0.01214   0.00697   0.00722   0.03366   0.05147   0.00121   0.00407   0.11687   0.09134   0.04991   0.03172   0.00423   0.02271   0.02256   0.01565   0.01125   0.01036   0.00210   0.00168   0.08355   0.05033   0.02430   0.00951   0.02674   0.03670   0.01052   0.01776   0.01047   0.00433   0.00890   0.00927   0.01068   0.01468   0.00913   0.00620   0.00665   0.09542   0.12490   0.06059   0.05139   6.79368   0.81189  
 52 120.2187 1170346.738971  x:  0.00637   0.01380   0.03017   0.04576   0.03643   0.00856   0.00738   0.00959   0.00424   0.01157   0.05408   0.05022   0.03682   0.02521   0.01571   0.01515   0.00327   0.01824   0.00920   0.00697   0.00742   0.00129   0.01247   0.02964   0.04538   0.04529   0.01366   0.11037   0.01551   0.03125   0.00468   0.03819   0.02395   0.03125   0.01752   0.00740   0.00653   0.03929   0.02360   0.01494   0.01430   0.00154   0.01670   0.01356   0.00774   0.00975   0.01903   0.01214   0.00697   0.00722   0.03366   0.05147   0.00121   0.00407   0.11685   0.09135   0.04991   0.03172   0.00423   0.02271   0.02257   0.01565   0.01125   0.01036   0.00210   0.00168   0.08355   0.05034   0.02430   0.00951   0.02674   0.03670   0.01053   0.01776   0.01047   0.00433   0.00890   0.00926   0.01068   0.01468   0.00913   0.00620   0.00665   0.09543   0.12491   0.06059   0.05140   6.79368   0.81189  
 53 99.0565 1170346.738301  x:  0.00637   0.01380   0.03017   0.04576   0.03643   0.00856   0.00738   0.00959   0.00424   0.01158   0.05407   0.05022   0.03682   0.02521   0.01571   0.01515   0.00327   0.01824   0.00920   0.00697   0.00742   0.00129   0.01247   0.02964   0.04538   0.04529   0.01367   0.11038   0.01551   0.03125   0.00468   0.03819   0.02395   0.03125   0.01752   0.00740   0.00653   0.03929   0.02360   0.01494   0.01430   0.00154   0.01670   0.01356   0.00774   0.00974   0.01903   0.01214   0.00697   0.00722   0.03366   0.05147   0.00121   0.00407   0.11683   0.09135   0.04992   0.03172   0.00423   0.02271   0.02257   0.01565   0.01125   0.01036   0.00210   0.00168   0.08355   0.05034   0.02430   0.00951   0.02674   0.03670   0.01052   0.01776   0.01047   0.00433   0.00890   0.00927   0.01068   0.01468   0.00913   0.00620   0.00665   0.09543   0.12491   0.06058   0.05140   6.79368   0.81189  
 54 74.9028 1170346.737856  x:  0.00637   0.01380   0.03017   0.04577   0.03643   0.00856   0.00739   0.00959   0.00424   0.01158   0.05407   0.05022   0.03683   0.02520   0.01571   0.01515   0.00327   0.01824   0.00920   0.00697   0.00742   0.00129   0.01247   0.02964   0.04538   0.04529   0.01367   0.11039   0.01550   0.03125   0.00468   0.03819   0.02395   0.03125   0.01752   0.00740   0.00653   0.03929   0.02360   0.01494   0.01430   0.00154   0.01670   0.01356   0.00774   0.00974   0.01903   0.01214   0.00697   0.00722   0.03366   0.05147   0.00121   0.00407   0.11682   0.09135   0.04992   0.03171   0.00423   0.02271   0.02257   0.01565   0.01125   0.01036   0.00210   0.00168   0.08355   0.05034   0.02430   0.00951   0.02674   0.03670   0.01052   0.01776   0.01047   0.00433   0.00890   0.00926   0.01068   0.01468   0.00913   0.00620   0.00665   0.09544   0.12491   0.06059   0.05140   6.79368   0.81189  
 55 56.1735 1170346.737030  x:  0.00636   0.01380   0.03016   0.04577   0.03643   0.00856   0.00738   0.00959   0.00424   0.01157   0.05407   0.05023   0.03683   0.02521   0.01571   0.01515   0.00327   0.01824   0.00920   0.00697   0.00742   0.00129   0.01247   0.02963   0.04539   0.04529   0.01367   0.11039   0.01550   0.03124   0.00468   0.03819   0.02395   0.03125   0.01752   0.00740   0.00653   0.03929   0.02360   0.01494   0.01430   0.00154   0.01670   0.01356   0.00774   0.00975   0.01903   0.01214   0.00697   0.00722   0.03366   0.05147   0.00121   0.00407   0.11681   0.09136   0.04993   0.03171   0.00423   0.02271   0.02256   0.01565   0.01125   0.01036   0.00210   0.00168   0.08354   0.05034   0.02430   0.00951   0.02674   0.03670   0.01053   0.01776   0.01047   0.00433   0.00890   0.00926   0.01068   0.01468   0.00913   0.00620   0.00665   0.09544   0.12491   0.06059   0.05140   6.79368   0.81189  
 56 49.0674 1170346.734539  x:  0.00637   0.01380   0.03016   0.04576   0.03643   0.00856   0.00739   0.00959   0.00424   0.01157   0.05408   0.05024   0.03683   0.02521   0.01571   0.01515   0.00327   0.01824   0.00920   0.00697   0.00742   0.00129   0.01247   0.02963   0.04539   0.04528   0.01366   0.11040   0.01551   0.03125   0.00468   0.03820   0.02395   0.03126   0.01752   0.00740   0.00653   0.03928   0.02361   0.01494   0.01430   0.00154   0.01670   0.01356   0.00775   0.00974   0.01903   0.01215   0.00697   0.00722   0.03365   0.05146   0.00121   0.00407   0.11680   0.09136   0.04994   0.03171   0.00423   0.02271   0.02256   0.01565   0.01125   0.01036   0.00210   0.00168   0.08354   0.05034   0.02431   0.00951   0.02674   0.03671   0.01052   0.01776   0.01047   0.00433   0.00890   0.00926   0.01068   0.01468   0.00913   0.00620   0.00665   0.09544   0.12492   0.06060   0.05139   6.79368   0.81190  
 57 37.1575 1170346.727007  x:  0.00638   0.01379   0.03017   0.04576   0.03645   0.00856   0.00738   0.00960   0.00424   0.01158   0.05409   0.05025   0.03683   0.02521   0.01570   0.01515   0.00327   0.01825   0.00920   0.00697   0.00742   0.00129   0.01247   0.02964   0.04538   0.04528   0.01365   0.11042   0.01552   0.03126   0.00468   0.03820   0.02395   0.03125   0.01753   0.00741   0.00653   0.03927   0.02361   0.01494   0.01430   0.00154   0.01670   0.01357   0.00774   0.00975   0.01903   0.01213   0.00697   0.00722   0.03366   0.05146   0.00121   0.00407   0.11678   0.09136   0.04996   0.03171   0.00423   0.02271   0.02257   0.01565   0.01126   0.01036   0.00210   0.00168   0.08353   0.05033   0.02431   0.00951   0.02674   0.03671   0.01053   0.01777   0.01047   0.00433   0.00890   0.00927   0.01068   0.01468   0.00913   0.00620   0.00665   0.09543   0.12492   0.06063   0.05135   6.79369   0.81190  
 58 93.3069 1170346.689169  x:  0.00638   0.01381   0.03020   0.04574   0.03647   0.00856   0.00738   0.00959   0.00424   0.01156   0.05412   0.05025   0.03683   0.02520   0.01572   0.01513   0.00327   0.01824   0.00920   0.00697   0.00742   0.00129   0.01249   0.02967   0.04536   0.04529   0.01368   0.11048   0.01549   0.03129   0.00468   0.03820   0.02395   0.03122   0.01753   0.00741   0.00653   0.03928   0.02360   0.01493   0.01431   0.00154   0.01671   0.01355   0.00775   0.00974   0.01903   0.01214   0.00697   0.00722   0.03367   0.05147   0.00121   0.00407   0.11675   0.09135   0.04995   0.03173   0.00423   0.02269   0.02258   0.01565   0.01124   0.01037   0.00210   0.00168   0.08351   0.05031   0.02429   0.00949   0.02673   0.03669   0.01054   0.01776   0.01047   0.00433   0.00890   0.00926   0.01067   0.01469   0.00913   0.00620   0.00665   0.09541   0.12492   0.06074   0.05126   6.79370   0.81191  
 59 139.3942 1170346.605072  x:  0.00634   0.01382   0.03020   0.04573   0.03645   0.00856   0.00738   0.00959   0.00424   0.01157   0.05414   0.05024   0.03682   0.02520   0.01571   0.01518   0.00327   0.01824   0.00920   0.00697   0.00742   0.00129   0.01244   0.02967   0.04534   0.04530   0.01371   0.11055   0.01546   0.03128   0.00468   0.03819   0.02395   0.03121   0.01752   0.00740   0.00653   0.03932   0.02358   0.01494   0.01429   0.00154   0.01670   0.01356   0.00774   0.00974   0.01902   0.01215   0.00697   0.00722   0.03368   0.05151   0.00121   0.00407   0.11672   0.09134   0.04989   0.03173   0.00423   0.02269   0.02256   0.01565   0.01129   0.01034   0.00210   0.00168   0.08350   0.05030   0.02427   0.00953   0.02674   0.03667   0.01049   0.01776   0.01047   0.00433   0.00890   0.00926   0.01070   0.01466   0.00913   0.00620   0.00665   0.09536   0.12493   0.06087   0.05117   6.79374   0.81193  
 60 306.5070 1170346.240977  x:  0.00634   0.01378   0.03010   0.04577   0.03632   0.00856   0.00738   0.00963   0.00423   0.01160   0.05411   0.05014   0.03679   0.02520   0.01565   0.01519   0.00327   0.01826   0.00920   0.00697   0.00741   0.00129   0.01243   0.02959   0.04536   0.04532   0.01369   0.11072   0.01550   0.03115   0.00468   0.03815   0.02397   0.03128   0.01751   0.00740   0.00653   0.03943   0.02353   0.01496   0.01428   0.00154   0.01669   0.01359   0.00772   0.00977   0.01901   0.01210   0.00697   0.00722   0.03366   0.05159   0.00121   0.00409   0.11670   0.09128   0.04969   0.03173   0.00423   0.02278   0.02251   0.01564   0.01115   0.01041   0.00210   0.00168   0.08349   0.05034   0.02432   0.00955   0.02674   0.03665   0.01052   0.01778   0.01047   0.00433   0.00890   0.00926   0.01064   0.01468   0.00913   0.00620   0.00665   0.09523   0.12494   0.06112   0.05105   6.79389   0.81201  
 61 481.7034 1170345.396552  x:  0.00648   0.01375   0.02999   0.04586   0.03617   0.00855   0.00739   0.00958   0.00424   0.01159   0.05398   0.05000   0.03677   0.02522   0.01569   0.01505   0.00327   0.01824   0.00920   0.00697   0.00741   0.00129   0.01256   0.02946   0.04542   0.04532   0.01357   0.11095   0.01560   0.03102   0.00468   0.03811   0.02396   0.03138   0.01751   0.00740   0.00653   0.03950   0.02352   0.01493   0.01433   0.00154   0.01671   0.01350   0.00777   0.00969   0.01904   0.01218   0.00697   0.00722   0.03360   0.05164   0.00121   0.00410   0.11670   0.09117   0.04944   0.03174   0.00423   0.02280   0.02252   0.01564   0.01135   0.01031   0.00210   0.00167   0.08349   0.05041   0.02438   0.00940   0.02673   0.03666   0.01057   0.01777   0.01046   0.00432   0.00890   0.00926   0.01071   0.01473   0.00912   0.00620   0.00665   0.09505   0.12498   0.06135   0.05099   6.79424   0.81220  
 62 1261.1845 1170338.521250  x:  0.00677   0.01396   0.03012   0.04626   0.03627   0.00856   0.00739   0.00956   0.00427   0.01147   0.05325   0.04963   0.03682   0.02527   0.01618   0.01515   0.00326   0.01812   0.00922   0.00700   0.00745   0.00133   0.01257   0.02929   0.04576   0.04525   0.01316   0.11191   0.01559   0.03112   0.00472   0.03820   0.02377   0.03133   0.01748   0.00742   0.00656   0.03912   0.02378   0.01470   0.01422   0.00154   0.01679   0.01359   0.00775   0.00983   0.01908   0.01210   0.00700   0.00721   0.03337   0.05136   0.00120   0.00399   0.11678   0.09056   0.04893   0.03203   0.00423   0.02213   0.02293   0.01571   0.01113   0.01042   0.00213   0.00169   0.08358   0.05070   0.02435   0.00968   0.02673   0.03696   0.01032   0.01748   0.01047   0.00428   0.00891   0.00927   0.01074   0.01438   0.00919   0.00623   0.00667   0.09406   0.12507   0.06150   0.05122   6.79707   0.81376  
 63 1794.2119 1170313.651957  x:  0.00616   0.01362   0.03061   0.04670   0.03689   0.00858   0.00738   0.00964   0.00425   0.01202   0.05197   0.04935   0.03688   0.02491   0.01525   0.01523   0.00323   0.01830   0.00924   0.00700   0.00743   0.00137   0.01230   0.02944   0.04629   0.04502   0.01370   0.11423   0.01561   0.03179   0.00463   0.03848   0.02355   0.03080   0.01750   0.00741   0.00656   0.03796   0.02403   0.01524   0.01436   0.00155   0.01644   0.01356   0.00781   0.00955   0.01876   0.01203   0.00700   0.00722   0.03315   0.05048   0.00116   0.00433   0.11708   0.08891   0.04857   0.03274   0.00424   0.02201   0.02283   0.01548   0.01133   0.01032   0.00217   0.00174   0.08384   0.05104   0.02384   0.00940   0.02666   0.03723   0.01069   0.01788   0.01046   0.00435   0.00890   0.00929   0.01059   0.01515   0.00912   0.00620   0.00668   0.09139   0.12514   0.06096   0.05200   6.80735   0.81941  
 64 11682.7253 1170251.760566  x:  0.00709   0.01347   0.03022   0.04571   0.03689   0.00864   0.00741   0.00960   0.00440   0.01143   0.05215   0.04993   0.03684   0.02493   0.01539   0.01477   0.00319   0.01821   0.00930   0.00714   0.00760   0.00153   0.01268   0.02993   0.04576   0.04482   0.01401   0.11697   0.01515   0.03195   0.00471   0.03839   0.02384   0.03032   0.01764   0.00747   0.00667   0.03747   0.02289   0.01455   0.01413   0.00161   0.01685   0.01338   0.00748   0.01036   0.01897   0.01280   0.00713   0.00719   0.03349   0.05006   0.00105   0.00452   0.11740   0.08642   0.04954   0.03271   0.00425   0.02436   0.02118   0.01554   0.01102   0.01054   0.00232   0.00187   0.08426   0.05068   0.02304   0.00890   0.02671   0.03604   0.01038   0.01797   0.01047   0.00426   0.00894   0.00934   0.01105   0.01369   0.00932   0.00627   0.00680   0.08831   0.12498   0.05891   0.05287   6.83300   0.83352  
 65 26922.6934 1170156.687629  x:  0.00738   0.01325   0.02925   0.04400   0.03601   0.00868   0.00744   0.00986   0.00454   0.01082   0.05391   0.05085   0.03663   0.02511   0.01632   0.01480   0.00308   0.01788   0.00933   0.00729   0.00771   0.00176   0.01243   0.02981   0.04435   0.04479   0.01276   0.11841   0.01511   0.03118   0.00472   0.03787   0.02383   0.03033   0.01742   0.00753   0.00679   0.03835   0.02199   0.01457   0.01420   0.00165   0.01659   0.01347   0.00853   0.00854   0.01869   0.01094   0.00727   0.00721   0.03360   0.05080   0.00089   0.00421   0.11740   0.08423   0.05116   0.03158   0.00423   0.02400   0.02101   0.01572   0.01139   0.01033   0.00253   0.00205   0.08465   0.04984   0.02295   0.01024   0.02687   0.03441   0.01049   0.01715   0.01049   0.00415   0.00897   0.00934   0.01032   0.01495   0.00933   0.00633   0.00696   0.08659   0.12425   0.05661   0.05319   6.87198   0.85497  
 66 78699.4450 1170038.937534  x:  0.00584   0.01282   0.02870   0.04297   0.03492   0.00873   0.00749   0.00993   0.00459   0.01116   0.05590   0.05118   0.03623   0.02464   0.01559   0.01483   0.00295   0.01785   0.00943   0.00741   0.00781   0.00195   0.01234   0.02886   0.04300   0.04496   0.01186   0.11745   0.01645   0.03028   0.00455   0.03735   0.02301   0.03040   0.01706   0.00759   0.00687   0.03958   0.02209   0.01496   0.01420   0.00173   0.01581   0.01337   0.00754   0.01006   0.01844   0.01269   0.00733   0.00721   0.03286   0.05225   0.00068   0.00452   0.11688   0.08331   0.05227   0.03004   0.00436   0.02059   0.02255   0.01541   0.01102   0.01060   0.00277   0.00228   0.08477   0.04892   0.02331   0.00919   0.02667   0.03329   0.01007   0.01710   0.01048   0.00422   0.00898   0.00941   0.01110   0.01552   0.00924   0.00640   0.00704   0.08737   0.12279   0.05550   0.05273   6.92072   0.88178  
 67 122836.0136 1169913.717754  x:  0.00499   0.01284   0.02957   0.04419   0.03487   0.00880   0.00751   0.00987   0.00482   0.01083   0.05564   0.04967   0.03600   0.02380   0.01423   0.01447   0.00291   0.01804   0.00952   0.00762   0.00802   0.00218   0.01289   0.02767   0.04324   0.04524   0.01262   0.11307   0.01732   0.03070   0.00441   0.03755   0.02192   0.02960   0.01737   0.00767   0.00704   0.03886   0.02237   0.01459   0.01391   0.00182   0.01655   0.01321   0.00832   0.00896   0.01790   0.01144   0.00755   0.00723   0.03104   0.05312   0.00044   0.00506   0.11562   0.08462   0.05159   0.02976   0.00448   0.02024   0.02236   0.01492   0.01118   0.01055   0.00304   0.00254   0.08434   0.04868   0.02304   0.00873   0.02669   0.03399   0.01097   0.01789   0.01045   0.00425   0.00904   0.00947   0.01070   0.01255   0.00966   0.00646   0.00724   0.09208   0.12081   0.05734   0.05159   6.97165   0.90981  
 68 102107.5663 1169830.071437  x:  0.00485   0.01251   0.02999   0.04537   0.03513   0.00891   0.00757   0.00993   0.00500   0.01071   0.05420   0.04824   0.03611   0.02381   0.01517   0.01449   0.00280   0.01779   0.00963   0.00779   0.00818   0.00246   0.01236   0.02724   0.04408   0.04538   0.01217   0.10900   0.01657   0.03141   0.00451   0.03796   0.02173   0.02873   0.01738   0.00775   0.00717   0.03716   0.02178   0.01432   0.01420   0.00187   0.01622   0.01319   0.00818   0.00945   0.01793   0.01205   0.00770   0.00721   0.03019   0.05301   0.00030   0.00440   0.11444   0.08614   0.05044   0.03035   0.00450   0.02177   0.02107   0.01508   0.01109   0.01070   0.00326   0.00273   0.08383   0.04896   0.02215   0.00912   0.02692   0.03437   0.01024   0.01744   0.01050   0.00419   0.00912   0.00954   0.01098   0.01485   0.00960   0.00656   0.00740   0.09655   0.11932   0.05974   0.05075   7.00693   0.92923  
 69 128755.9083 1169819.571608  x:  0.00456   0.01229   0.02935   0.04501   0.03510   0.00890   0.00758   0.01002   0.00494   0.01119   0.05340   0.04839   0.03627   0.02416   0.01537   0.01449   0.00278   0.01768   0.00962   0.00778   0.00817   0.00247   0.01253   0.02783   0.04428   0.04529   0.01201   0.10834   0.01665   0.03133   0.00444   0.03798   0.02233   0.02888   0.01715   0.00776   0.00717   0.03660   0.02145   0.01477   0.01411   0.00188   0.01576   0.01328   0.00812   0.00937   0.01801   0.01196   0.00769   0.00722   0.03101   0.05250   0.00028   0.00443   0.11428   0.08649   0.05014   0.03080   0.00446   0.02158   0.02117   0.01529   0.01109   0.01068   0.00328   0.00275   0.08376   0.04937   0.02185   0.00895   0.02694   0.03365   0.01049   0.01702   0.01051   0.00421   0.00912   0.00953   0.01100   0.01445   0.00961   0.00655   0.00739   0.09730   0.11912   0.06042   0.05081   7.01129   0.93163  
 70 17485.1033 1169817.831529  x:  0.00458   0.01239   0.02913   0.04472   0.03509   0.00891   0.00758   0.01001   0.00497   0.01096   0.05305   0.04856   0.03628   0.02412   0.01515   0.01447   0.00279   0.01775   0.00962   0.00779   0.00818   0.00248   0.01244   0.02802   0.04425   0.04521   0.01202   0.10821   0.01674   0.03125   0.00444   0.03791   0.02236   0.02895   0.01718   0.00776   0.00717   0.03653   0.02151   0.01459   0.01413   0.00188   0.01604   0.01322   0.00814   0.00937   0.01797   0.01198   0.00770   0.00722   0.03129   0.05226   0.00028   0.00445   0.11425   0.08658   0.05003   0.03091   0.00448   0.02145   0.02125   0.01518   0.01109   0.01069   0.00329   0.00275   0.08375   0.04959   0.02180   0.00906   0.02694   0.03336   0.01038   0.01722   0.01051   0.00420   0.00912   0.00953   0.01099   0.01456   0.00961   0.00656   0.00740   0.09748   0.11910   0.06064   0.05090   7.01201   0.93203  
 71 5097.4459 1169817.618372  x:  0.00457   0.01238   0.02917   0.04455   0.03510   0.00890   0.00758   0.01001   0.00497   0.01098   0.05294   0.04869   0.03627   0.02406   0.01520   0.01448   0.00279   0.01774   0.00962   0.00779   0.00818   0.00248   0.01244   0.02800   0.04417   0.04515   0.01203   0.10820   0.01671   0.03121   0.00445   0.03786   0.02223   0.02892   0.01721   0.00776   0.00717   0.03662   0.02161   0.01456   0.01413   0.00188   0.01595   0.01323   0.00814   0.00936   0.01795   0.01197   0.00770   0.00722   0.03126   0.05217   0.00028   0.00439   0.11425   0.08660   0.04998   0.03089   0.00448   0.02148   0.02122   0.01516   0.01109   0.01069   0.00328   0.00275   0.08376   0.04969   0.02180   0.00904   0.02693   0.03333   0.01039   0.01723   0.01050   0.00420   0.00912   0.00953   0.01098   0.01454   0.00961   0.00655   0.00740   0.09751   0.11910   0.06071   0.05096   7.01210   0.93208  
 72 1185.3175 1169817.594617  x:  0.00456   0.01237   0.02920   0.04452   0.03511   0.00890   0.00758   0.01001   0.00497   0.01098   0.05291   0.04872   0.03626   0.02407   0.01520   0.01446   0.00279   0.01774   0.00962   0.00779   0.00818   0.00248   0.01244   0.02798   0.04414   0.04514   0.01203   0.10819   0.01671   0.03121   0.00445   0.03785   0.02224   0.02891   0.01720   0.00776   0.00717   0.03664   0.02159   0.01458   0.01413   0.00188   0.01598   0.01323   0.00814   0.00937   0.01796   0.01197   0.00770   0.00722   0.03123   0.05214   0.00028   0.00443   0.11425   0.08661   0.04997   0.03087   0.00448   0.02149   0.02122   0.01518   0.01109   0.01069   0.00328   0.00275   0.08376   0.04971   0.02180   0.00905   0.02693   0.03335   0.01039   0.01720   0.01051   0.00420   0.00912   0.00953   0.01098   0.01454   0.00961   0.00655   0.00740   0.09752   0.11910   0.06073   0.05097   7.01211   0.93208  
 73 468.3191 1169817.591689  x:  0.00457   0.01237   0.02920   0.04451   0.03511   0.00890   0.00758   0.01001   0.00497   0.01098   0.05291   0.04873   0.03626   0.02407   0.01519   0.01447   0.00279   0.01774   0.00962   0.00779   0.00818   0.00248   0.01244   0.02797   0.04413   0.04514   0.01203   0.10820   0.01671   0.03122   0.00445   0.03785   0.02225   0.02891   0.01720   0.00776   0.00717   0.03665   0.02158   0.01458   0.01413   0.00188   0.01598   0.01323   0.00814   0.00937   0.01796   0.01197   0.00770   0.00722   0.03122   0.05213   0.00028   0.00442   0.11425   0.08660   0.04997   0.03087   0.00448   0.02148   0.02122   0.01518   0.01109   0.01069   0.00328   0.00275   0.08376   0.04971   0.02179   0.00904   0.02693   0.03336   0.01039   0.01721   0.01051   0.00420   0.00912   0.00953   0.01098   0.01454   0.00961   0.00655   0.00740   0.09752   0.11910   0.06073   0.05097   7.01211   0.93208  
 74 157.4226 1169817.591532  x:  0.00457   0.01237   0.02920   0.04451   0.03511   0.00890   0.00758   0.01000   0.00497   0.01098   0.05291   0.04873   0.03626   0.02407   0.01519   0.01447   0.00279   0.01774   0.00962   0.00779   0.00818   0.00248   0.01244   0.02798   0.04413   0.04514   0.01203   0.10820   0.01671   0.03122   0.00445   0.03785   0.02225   0.02891   0.01720   0.00776   0.00717   0.03665   0.02158   0.01458   0.01413   0.00188   0.01598   0.01323   0.00814   0.00937   0.01796   0.01197   0.00770   0.00722   0.03122   0.05213   0.00028   0.00442   0.11425   0.08661   0.04997   0.03087   0.00448   0.02148   0.02122   0.01517   0.01109   0.01069   0.00328   0.00275   0.08376   0.04971   0.02179   0.00905   0.02693   0.03336   0.01039   0.01721   0.01051   0.00420   0.00912   0.00953   0.01098   0.01454   0.00961   0.00655   0.00740   0.09752   0.11910   0.06073   0.05097   7.01211   0.93208  
 75 22.3334 1169817.590999  x:  0.00457   0.01237   0.02920   0.04452   0.03510   0.00890   0.00758   0.01001   0.00497   0.01098   0.05291   0.04873   0.03626   0.02407   0.01519   0.01447   0.00279   0.01774   0.00962   0.00779   0.00818   0.00248   0.01244   0.02798   0.04412   0.04514   0.01202   0.10820   0.01671   0.03122   0.00445   0.03786   0.02225   0.02891   0.01720   0.00776   0.00717   0.03665   0.02158   0.01458   0.01413   0.00188   0.01598   0.01323   0.00814   0.00937   0.01796   0.01197   0.00770   0.00722   0.03122   0.05213   0.00028   0.00442   0.11425   0.08660   0.04997   0.03086   0.00448   0.02148   0.02122   0.01517   0.01109   0.01069   0.00328   0.00275   0.08376   0.04971   0.02178   0.00904   0.02693   0.03336   0.01039   0.01721   0.01051   0.00420   0.00912   0.00953   0.01098   0.01454   0.00961   0.00655   0.00740   0.09752   0.11910   0.06073   0.05098   7.01211   0.93208  
 76 15.0154 1169817.587854  x:  0.00457   0.01238   0.02920   0.04453   0.03510   0.00890   0.00758   0.01000   0.00497   0.01097   0.05291   0.04872   0.03626   0.02407   0.01518   0.01446   0.00279   0.01774   0.00962   0.00779   0.00818   0.00248   0.01244   0.02798   0.04410   0.04515   0.01203   0.10820   0.01671   0.03122   0.00445   0.03786   0.02225   0.02891   0.01720   0.00776   0.00717   0.03665   0.02158   0.01457   0.01413   0.00188   0.01597   0.01323   0.00814   0.00937   0.01797   0.01197   0.00770   0.00722   0.03122   0.05211   0.00028   0.00442   0.11425   0.08661   0.04997   0.03086   0.00448   0.02148   0.02122   0.01518   0.01109   0.01069   0.00328   0.00275   0.08376   0.04971   0.02179   0.00905   0.02693   0.03336   0.01039   0.01720   0.01051   0.00420   0.00912   0.00953   0.01098   0.01454   0.00961   0.00655   0.00740   0.09752   0.11910   0.06073   0.05098   7.01211   0.93208  
 77 17.6028 1169817.561877  x:  0.00456   0.01237   0.02923   0.04457   0.03511   0.00890   0.00758   0.01000   0.00497   0.01099   0.05293   0.04870   0.03626   0.02408   0.01520   0.01447   0.00279   0.01774   0.00962   0.00779   0.00818   0.00248   0.01245   0.02796   0.04404   0.04520   0.01203   0.10820   0.01671   0.03119   0.00445   0.03785   0.02227   0.02890   0.01720   0.00776   0.00717   0.03663   0.02159   0.01457   0.01413   0.00188   0.01599   0.01323   0.00814   0.00937   0.01795   0.01197   0.00770   0.00722   0.03122   0.05206   0.00028   0.00442   0.11425   0.08661   0.04997   0.03087   0.00448   0.02148   0.02122   0.01516   0.01109   0.01069   0.00328   0.00275   0.08377   0.04972   0.02183   0.00905   0.02693   0.03331   0.01039   0.01721   0.01051   0.00420   0.00912   0.00953   0.01098   0.01454   0.00961   0.00655   0.00740   0.09752   0.11910   0.06074   0.05099   7.01212   0.93209  
 78 71.1515 1169816.920705  x:  0.00460   0.01241   0.02923   0.04454   0.03520   0.00890   0.00757   0.00999   0.00498   0.01081   0.05300   0.04854   0.03630   0.02407   0.01521   0.01443   0.00278   0.01767   0.00962   0.00779   0.00817   0.00247   0.01247   0.02787   0.04402   0.04532   0.01201   0.10821   0.01669   0.03121   0.00445   0.03758   0.02227   0.02910   0.01721   0.00775   0.00717   0.03666   0.02162   0.01479   0.01409   0.00188   0.01591   0.01324   0.00810   0.00938   0.01790   0.01198   0.00769   0.00722   0.03118   0.05190   0.00028   0.00440   0.11426   0.08661   0.05004   0.03097   0.00447   0.02148   0.02122   0.01522   0.01109   0.01068   0.00328   0.00274   0.08377   0.04964   0.02166   0.00907   0.02693   0.03329   0.01037   0.01733   0.01050   0.00419   0.00912   0.00952   0.01096   0.01453   0.00961   0.00655   0.00740   0.09753   0.11911   0.06079   0.05106   7.01231   0.93234  
 79 73.7942 1169812.569101  x:  0.00455   0.01236   0.02908   0.04423   0.03538   0.00889   0.00756   0.01001   0.00492   0.01125   0.05331   0.04810   0.03640   0.02400   0.01513   0.01455   0.00274   0.01780   0.00960   0.00777   0.00815   0.00246   0.01244   0.02772   0.04418   0.04561   0.01203   0.10831   0.01673   0.03138   0.00445   0.03685   0.02219   0.02950   0.01707   0.00775   0.00715   0.03678   0.02164   0.01427   0.01418   0.00187   0.01608   0.01321   0.00819   0.00937   0.01805   0.01197   0.00767   0.00722   0.03107   0.05142   0.00030   0.00440   0.11431   0.08662   0.05023   0.03124   0.00446   0.02148   0.02122   0.01518   0.01109   0.01067   0.00325   0.00272   0.08377   0.04937   0.02123   0.00905   0.02694   0.03343   0.01045   0.01703   0.01050   0.00419   0.00911   0.00951   0.01099   0.01455   0.00959   0.00654   0.00739   0.09756   0.11909   0.06096   0.05130   7.01357   0.93400  
 80 1580.9963 1169756.613785  x:  0.00513   0.01277   0.02822   0.04233   0.03518   0.00877   0.00747   0.01004   0.00478   0.01082   0.05423   0.04648   0.03627   0.02420   0.01551   0.01464   0.00236   0.01822   0.00946   0.00759   0.00792   0.00233   0.01229   0.02804   0.04575   0.04595   0.01209   0.10943   0.01718   0.03216   0.00406   0.03725   0.02235   0.02712   0.01744   0.00764   0.00699   0.03712   0.02146   0.01497   0.01410   0.00170   0.01604   0.01332   0.00800   0.00950   0.01828   0.01199   0.00748   0.00725   0.03101   0.05019   0.00054   0.00458   0.11477   0.08642   0.05059   0.03111   0.00448   0.02161   0.02134   0.01447   0.01112   0.01060   0.00285   0.00233   0.08397   0.04899   0.02302   0.00910   0.02765   0.03402   0.01050   0.01692   0.01044   0.00404   0.00898   0.00938   0.01097   0.01443   0.00944   0.00642   0.00726   0.09787   0.11866   0.06183   0.05258   7.02973   0.95527  
 81 6531.2744 1169695.394375  x:  0.00577   0.01316   0.02931   0.04330   0.03525   0.00863   0.00742   0.00987   0.00449   0.01161   0.05383   0.04766   0.03619   0.02405   0.01509   0.01509   0.00196   0.01715   0.00943   0.00739   0.00770   0.00218   0.01259   0.02803   0.04534   0.04535   0.01173   0.11058   0.01702   0.03218   0.00377   0.03899   0.02222   0.02845   0.01765   0.00753   0.00682   0.03654   0.02154   0.01441   0.01418   0.00152   0.01642   0.01334   0.00803   0.00966   0.01791   0.01209   0.00727   0.00729   0.03109   0.05125   0.00081   0.00452   0.11522   0.08611   0.05057   0.03079   0.00410   0.02173   0.02146   0.01650   0.01108   0.01042   0.00240   0.00193   0.08395   0.04933   0.02243   0.00936   0.02833   0.03288   0.01058   0.01777   0.01031   0.00383   0.00887   0.00927   0.01079   0.01442   0.00929   0.00630   0.00715   0.09817   0.11807   0.06187   0.05273   7.04754   0.97871  
 82 42809.3675 1169677.534369  x:  0.00591   0.01322   0.02964   0.04436   0.03537   0.00860   0.00739   0.00987   0.00447   0.01120   0.05331   0.04867   0.03634   0.02421   0.01554   0.01502   0.00183   0.01799   0.00934   0.00734   0.00763   0.00215   0.01236   0.02796   0.04465   0.04519   0.01209   0.11090   0.01730   0.03221   0.00367   0.03897   0.02212   0.02932   0.01741   0.00751   0.00678   0.03629   0.02169   0.01473   0.01414   0.00146   0.01638   0.01339   0.00795   0.00969   0.01840   0.01205   0.00722   0.00731   0.03114   0.05211   0.00089   0.00470   0.11533   0.08603   0.05059   0.03093   0.00426   0.02188   0.02146   0.01520   0.01113   0.01044   0.00228   0.00181   0.08389   0.04981   0.02179   0.00942   0.02849   0.03259   0.01069   0.01716   0.01031   0.00380   0.00884   0.00923   0.01086   0.01440   0.00925   0.00626   0.00711   0.09824   0.11786   0.06159   0.05235   7.05270   0.98549  
 83 29738.3283 1169675.430835  x:  0.00596   0.01325   0.02926   0.04473   0.03537   0.00860   0.00739   0.00988   0.00445   0.01121   0.05313   0.04912   0.03649   0.02423   0.01548   0.01506   0.00182   0.01785   0.00935   0.00734   0.00763   0.00215   0.01238   0.02801   0.04439   0.04542   0.01206   0.11093   0.01731   0.03241   0.00367   0.03830   0.02217   0.02896   0.01748   0.00750   0.00677   0.03630   0.02161   0.01472   0.01415   0.00146   0.01639   0.01340   0.00795   0.00970   0.01838   0.01206   0.00722   0.00731   0.03111   0.05241   0.00090   0.00469   0.11533   0.08603   0.05066   0.03124   0.00424   0.02186   0.02147   0.01530   0.01113   0.01044   0.00227   0.00180   0.08387   0.05027   0.02184   0.00939   0.02853   0.03290   0.01069   0.01721   0.01031   0.00379   0.00884   0.00922   0.01086   0.01440   0.00925   0.00626   0.00711   0.09824   0.11781   0.06136   0.05204   7.05331   0.98630  
 84 3827.8452 1169675.402018  x:  0.00596   0.01326   0.02927   0.04470   0.03538   0.00860   0.00739   0.00988   0.00445   0.01122   0.05313   0.04911   0.03648   0.02421   0.01550   0.01506   0.00182   0.01791   0.00935   0.00734   0.00763   0.00215   0.01238   0.02801   0.04442   0.04549   0.01206   0.11093   0.01731   0.03240   0.00367   0.03832   0.02218   0.02897   0.01747   0.00751   0.00678   0.03631   0.02161   0.01472   0.01415   0.00146   0.01639   0.01340   0.00795   0.00970   0.01836   0.01206   0.00722   0.00731   0.03110   0.05240   0.00090   0.00469   0.11533   0.08602   0.05066   0.03125   0.00424   0.02186   0.02147   0.01532   0.01113   0.01044   0.00227   0.00180   0.08387   0.05034   0.02183   0.00939   0.02853   0.03289   0.01070   0.01723   0.01031   0.00379   0.00884   0.00922   0.01086   0.01440   0.00925   0.00626   0.00711   0.09824   0.11781   0.06133   0.05199   7.05332   0.98631  
 85 388.7282 1169675.394605  x:  0.00596   0.01325   0.02928   0.04469   0.03538   0.00860   0.00739   0.00988   0.00445   0.01122   0.05314   0.04911   0.03648   0.02421   0.01549   0.01506   0.00182   0.01789   0.00935   0.00734   0.00763   0.00215   0.01238   0.02801   0.04443   0.04552   0.01206   0.11093   0.01731   0.03240   0.00367   0.03833   0.02218   0.02897   0.01748   0.00751   0.00677   0.03632   0.02161   0.01472   0.01415   0.00146   0.01639   0.01340   0.00795   0.00970   0.01837   0.01206   0.00722   0.00731   0.03110   0.05240   0.00090   0.00469   0.11533   0.08602   0.05065   0.03125   0.00424   0.02186   0.02147   0.01531   0.01113   0.01044   0.00227   0.00180   0.08387   0.05038   0.02182   0.00939   0.02853   0.03289   0.01070   0.01722   0.01031   0.00379   0.00884   0.00922   0.01086   0.01440   0.00925   0.00626   0.00711   0.09823   0.11781   0.06131   0.05197   7.05332   0.98631  
 86 253.4317 1169675.394386  x:  0.00596   0.01325   0.02928   0.04469   0.03538   0.00860   0.00739   0.00988   0.00445   0.01122   0.05315   0.04911   0.03648   0.02422   0.01549   0.01506   0.00182   0.01789   0.00935   0.00734   0.00763   0.00215   0.01238   0.02801   0.04443   0.04552   0.01206   0.11093   0.01731   0.03240   0.00367   0.03833   0.02218   0.02897   0.01748   0.00751   0.00677   0.03632   0.02161   0.01472   0.01415   0.00146   0.01639   0.01340   0.00795   0.00970   0.01837   0.01206   0.00722   0.00731   0.03110   0.05240   0.00090   0.00469   0.11533   0.08602   0.05065   0.03125   0.00424   0.02186   0.02147   0.01531   0.01113   0.01044   0.00227   0.00180   0.08387   0.05039   0.02182   0.00939   0.02853   0.03289   0.01070   0.01722   0.01031   0.00379   0.00884   0.00922   0.01086   0.01440   0.00925   0.00626   0.00711   0.09823   0.11780   0.06131   0.05197   7.05332   0.98631  
 87 33.5688 1169675.394337  x:  0.00596   0.01325   0.02928   0.04469   0.03538   0.00860   0.00739   0.00988   0.00445   0.01122   0.05315   0.04910   0.03648   0.02421   0.01549   0.01506   0.00182   0.01789   0.00935   0.00734   0.00763   0.00215   0.01238   0.02801   0.04443   0.04552   0.01206   0.11093   0.01731   0.03240   0.00367   0.03833   0.02218   0.02897   0.01748   0.00751   0.00677   0.03632   0.02161   0.01472   0.01415   0.00146   0.01639   0.01340   0.00795   0.00970   0.01837   0.01206   0.00722   0.00731   0.03110   0.05240   0.00090   0.00469   0.11533   0.08602   0.05065   0.03125   0.00424   0.02186   0.02147   0.01531   0.01113   0.01044   0.00227   0.00180   0.08387   0.05039   0.02182   0.00939   0.02853   0.03289   0.01070   0.01722   0.01031   0.00379   0.00884   0.00922   0.01086   0.01440   0.00925   0.00626   0.00711   0.09823   0.11780   0.06131   0.05197   7.05332   0.98631  
 88 10.4854 1169675.394196  x:  0.00596   0.01325   0.02928   0.04469   0.03538   0.00860   0.00739   0.00988   0.00445   0.01122   0.05315   0.04910   0.03648   0.02422   0.01549   0.01506   0.00182   0.01789   0.00935   0.00734   0.00763   0.00215   0.01238   0.02801   0.04443   0.04551   0.01206   0.11093   0.01731   0.03240   0.00367   0.03833   0.02218   0.02897   0.01748   0.00751   0.00677   0.03632   0.02161   0.01472   0.01415   0.00146   0.01639   0.01340   0.00795   0.00970   0.01837   0.01206   0.00722   0.00731   0.03110   0.05240   0.00090   0.00469   0.11533   0.08602   0.05065   0.03124   0.00424   0.02186   0.02147   0.01531   0.01113   0.01044   0.00227   0.00180   0.08387   0.05039   0.02182   0.00939   0.02853   0.03289   0.01070   0.01722   0.01031   0.00379   0.00884   0.00922   0.01086   0.01440   0.00925   0.00626   0.00711   0.09823   0.11781   0.06131   0.05196   7.05332   0.98631  
 89  3.5026 1169675.391686  x:  0.00596   0.01325   0.02928   0.04469   0.03538   0.00860   0.00739   0.00988   0.00445   0.01122   0.05315   0.04910   0.03648   0.02422   0.01549   0.01506   0.00182   0.01788   0.00935   0.00734   0.00763   0.00214   0.01238   0.02802   0.04443   0.04551   0.01205   0.11093   0.01731   0.03240   0.00367   0.03833   0.02217   0.02897   0.01745   0.00751   0.00677   0.03632   0.02161   0.01472   0.01415   0.00146   0.01639   0.01340   0.00795   0.00970   0.01838   0.01206   0.00722   0.00731   0.03109   0.05239   0.00090   0.00469   0.11533   0.08602   0.05065   0.03125   0.00424   0.02186   0.02147   0.01531   0.01113   0.01044   0.00227   0.00180   0.08387   0.05040   0.02182   0.00939   0.02853   0.03289   0.01070   0.01723   0.01031   0.00379   0.00884   0.00922   0.01086   0.01440   0.00925   0.00626   0.00711   0.09823   0.11781   0.06131   0.05196   7.05332   0.98631  
 90  4.3201 1169674.756545  x:  0.00595   0.01325   0.02929   0.04471   0.03530   0.00860   0.00739   0.00988   0.00447   0.01122   0.05315   0.04911   0.03584   0.02422   0.01551   0.01505   0.00184   0.01788   0.00935   0.00733   0.00762   0.00214   0.01238   0.02795   0.04441   0.04547   0.01206   0.11091   0.01732   0.03234   0.00367   0.03834   0.02217   0.02896   0.01749   0.00750   0.00677   0.03630   0.02161   0.01471   0.01415   0.00146   0.01639   0.01339   0.00795   0.00970   0.01836   0.01206   0.00721   0.00731   0.03112   0.05239   0.00090   0.00468   0.11530   0.08603   0.05078   0.03156   0.00423   0.02185   0.02147   0.01530   0.01112   0.01044   0.00227   0.00180   0.08380   0.05040   0.02180   0.00939   0.02852   0.03290   0.01069   0.01721   0.01031   0.00379   0.00884   0.00922   0.01086   0.01440   0.00925   0.00625   0.00711   0.09821   0.11777   0.06128   0.05195   7.05216   0.98684  
 91 27.4670 1169646.390701  x:  0.00588   0.01330   0.02928   0.04445   0.03459   0.00852   0.00738   0.00973   0.00441   0.01119   0.05227   0.04885   0.03613   0.02411   0.01528   0.01478   0.00263   0.01775   0.00924   0.00720   0.00754   0.00203   0.01233   0.02758   0.04398   0.04503   0.01209   0.10979   0.01736   0.03253   0.00379   0.03773   0.02199   0.02896   0.01730   0.00743   0.00666   0.03573   0.02158   0.01460   0.01411   0.00155   0.01625   0.01334   0.00798   0.00961   0.01824   0.01198   0.00711   0.00718   0.03079   0.05199   0.00098   0.00473   0.11390   0.08514   0.04978   0.03087   0.00428   0.02180   0.02140   0.01520   0.01106   0.01044   0.00230   0.00195   0.08024   0.04956   0.02193   0.00940   0.02852   0.03238   0.01055   0.01717   0.01029   0.00379   0.00883   0.00914   0.01077   0.01434   0.00933   0.00604   0.00692   0.09676   0.11618   0.05972   0.05086   6.99777   1.01154  
 92 2891.4660 1169646.259579  x:  0.00588   0.01330   0.02915   0.04449   0.03484   0.00852   0.00738   0.00973   0.00441   0.01119   0.05227   0.04885   0.03603   0.02411   0.01528   0.01478   0.00263   0.01775   0.00924   0.00720   0.00753   0.00203   0.01233   0.02756   0.04398   0.04504   0.01209   0.10979   0.01736   0.03252   0.00379   0.03773   0.02199   0.02895   0.01729   0.00743   0.00666   0.03573   0.02158   0.01460   0.01411   0.00155   0.01625   0.01334   0.00798   0.00961   0.01824   0.01197   0.00711   0.00718   0.03078   0.05200   0.00099   0.00473   0.11390   0.08513   0.04972   0.03073   0.00428   0.02180   0.02140   0.01520   0.01106   0.01044   0.00230   0.00195   0.08023   0.04956   0.02193   0.00940   0.02852   0.03236   0.01055   0.01717   0.01029   0.00379   0.00883   0.00914   0.01076   0.01434   0.00933   0.00603   0.00692   0.09675   0.11617   0.05972   0.05086   6.99753   1.01165  
 93 989.8121 1169642.106521  x:  0.00575   0.01323   0.02908   0.04426   0.03486   0.00858   0.00737   0.00984   0.00446   0.01119   0.05254   0.04853   0.03591   0.02407   0.01531   0.01479   0.00247   0.01778   0.00931   0.00720   0.00757   0.00188   0.01236   0.02773   0.04403   0.04499   0.01210   0.10980   0.01714   0.03237   0.00401   0.03771   0.02214   0.02895   0.01734   0.00744   0.00668   0.03602   0.02167   0.01458   0.01411   0.00159   0.01622   0.01333   0.00795   0.00958   0.01818   0.01198   0.00714   0.00718   0.03087   0.05176   0.00100   0.00477   0.11389   0.08481   0.04984   0.03075   0.00430   0.02174   0.02141   0.01521   0.01107   0.01043   0.00228   0.00192   0.08066   0.04947   0.02205   0.00937   0.02830   0.03268   0.01051   0.01720   0.01031   0.00394   0.00886   0.00920   0.01079   0.01438   0.00927   0.00619   0.00692   0.09655   0.11617   0.05973   0.05099   6.96426   1.02351  
 94  0.0283 1169641.935143  x:  0.00580   0.01321   0.02909   0.04430   0.03489   0.00858   0.00737   0.00983   0.00447   0.01119   0.05251   0.04861   0.03598   0.02407   0.01532   0.01479   0.00245   0.01778   0.00931   0.00720   0.00757   0.00190   0.01236   0.02771   0.04400   0.04499   0.01208   0.10971   0.01709   0.03232   0.00405   0.03774   0.02214   0.02894   0.01733   0.00744   0.00668   0.03600   0.02164   0.01459   0.01410   0.00158   0.01624   0.01332   0.00795   0.00958   0.01820   0.01197   0.00714   0.00719   0.03093   0.05181   0.00102   0.00476   0.11386   0.08489   0.04984   0.03078   0.00429   0.02175   0.02141   0.01520   0.01107   0.01043   0.00231   0.00192   0.08075   0.04954   0.02200   0.00936   0.02826   0.03268   0.01052   0.01719   0.01031   0.00390   0.00885   0.00920   0.01079   0.01437   0.00927   0.00615   0.00690   0.09652   0.11620   0.05980   0.05101   6.96378   1.02465  
 95  0.0012 1169641.906858  x:  0.00580   0.01321   0.02909   0.04431   0.03489   0.00857   0.00737   0.00982   0.00446   0.01118   0.05252   0.04863   0.03600   0.02407   0.01532   0.01479   0.00245   0.01779   0.00930   0.00721   0.00757   0.00190   0.01236   0.02770   0.04402   0.04501   0.01208   0.10974   0.01710   0.03233   0.00404   0.03774   0.02212   0.02894   0.01732   0.00744   0.00669   0.03600   0.02163   0.01459   0.01410   0.00156   0.01624   0.01332   0.00795   0.00959   0.01820   0.01197   0.00714   0.00719   0.03094   0.05181   0.00104   0.00475   0.11387   0.08490   0.04984   0.03078   0.00429   0.02176   0.02141   0.01521   0.01107   0.01043   0.00230   0.00192   0.08075   0.04955   0.02200   0.00937   0.02826   0.03267   0.01052   0.01719   0.01031   0.00392   0.00885   0.00920   0.01079   0.01436   0.00927   0.00614   0.00691   0.09650   0.11623   0.05980   0.05103   6.96439   1.02494  
 96  0.0005 1169641.895899  x:  0.00579   0.01321   0.02909   0.04430   0.03489   0.00857   0.00737   0.00982   0.00446   0.01118   0.05252   0.04862   0.03598   0.02407   0.01532   0.01479   0.00245   0.01779   0.00931   0.00721   0.00757   0.00189   0.01236   0.02770   0.04402   0.04500   0.01208   0.10975   0.01711   0.03233   0.00404   0.03774   0.02213   0.02894   0.01732   0.00744   0.00669   0.03601   0.02164   0.01459   0.01410   0.00155   0.01623   0.01333   0.00795   0.00959   0.01820   0.01197   0.00714   0.00719   0.03093   0.05180   0.00105   0.00475   0.11388   0.08489   0.04984   0.03078   0.00429   0.02175   0.02141   0.01521   0.01107   0.01043   0.00231   0.00193   0.08074   0.04954   0.02200   0.00937   0.02827   0.03267   0.01052   0.01719   0.01031   0.00392   0.00885   0.00920   0.01079   0.01437   0.00928   0.00614   0.00691   0.09650   0.11622   0.05979   0.05102   6.96454   1.02485  
 97  0.0001 1169641.895065  x:  0.00580   0.01320   0.02909   0.04430   0.03489   0.00857   0.00737   0.00982   0.00447   0.01118   0.05252   0.04861   0.03598   0.02407   0.01532   0.01479   0.00245   0.01779   0.00931   0.00721   0.00757   0.00188   0.01236   0.02770   0.04402   0.04500   0.01208   0.10974   0.01711   0.03233   0.00404   0.03774   0.02213   0.02894   0.01733   0.00744   0.00669   0.03600   0.02164   0.01459   0.01410   0.00155   0.01624   0.01332   0.00795   0.00959   0.01820   0.01197   0.00714   0.00719   0.03093   0.05181   0.00105   0.00475   0.11387   0.08489   0.04984   0.03078   0.00429   0.02175   0.02141   0.01521   0.01107   0.01043   0.00231   0.00193   0.08074   0.04954   0.02200   0.00937   0.02827   0.03267   0.01052   0.01719   0.01031   0.00392   0.00885   0.00920   0.01079   0.01436   0.00927   0.00614   0.00691   0.09650   0.11622   0.05979   0.05102   6.96449   1.02475  
 98  0.0001 1169641.895030  x:  0.00579   0.01320   0.02909   0.04430   0.03489   0.00857   0.00737   0.00982   0.00447   0.01118   0.05252   0.04861   0.03598   0.02407   0.01532   0.01479   0.00245   0.01779   0.00931   0.00721   0.00757   0.00188   0.01236   0.02770   0.04402   0.04500   0.01208   0.10974   0.01711   0.03233   0.00404   0.03774   0.02213   0.02894   0.01733   0.00744   0.00669   0.03600   0.02164   0.01459   0.01410   0.00155   0.01624   0.01332   0.00795   0.00959   0.01820   0.01197   0.00714   0.00719   0.03093   0.05181   0.00106   0.00475   0.11387   0.08489   0.04984   0.03078   0.00429   0.02175   0.02141   0.01521   0.01107   0.01043   0.00231   0.00193   0.08074   0.04954   0.02200   0.00937   0.02827   0.03267   0.01052   0.01719   0.01031   0.00392   0.00885   0.00920   0.01079   0.01436   0.00927   0.00614   0.00691   0.09651   0.11622   0.05979   0.05102   6.96447   1.02473  
 99  0.0000 1169641.895026  x:  0.00579   0.01320   0.02909   0.04430   0.03489   0.00857   0.00737   0.00982   0.00447   0.01118   0.05252   0.04861   0.03598   0.02407   0.01532   0.01479   0.00245   0.01779   0.00931   0.00721   0.00757   0.00188   0.01236   0.02770   0.04402   0.04500   0.01208   0.10974   0.01711   0.03233   0.00404   0.03774   0.02213   0.02894   0.01733   0.00744   0.00669   0.03600   0.02164   0.01459   0.01410   0.00155   0.01624   0.01332   0.00795   0.00959   0.01820   0.01197   0.00714   0.00719   0.03093   0.05181   0.00106   0.00475   0.11387   0.08489   0.04984   0.03078   0.00429   0.02175   0.02141   0.01521   0.01107   0.01043   0.00231   0.00193   0.08074   0.04954   0.02200   0.00937   0.02827   0.03267   0.01052   0.01719   0.01031   0.00392   0.00885   0.00920   0.01079   0.01436   0.00927   0.00614   0.00691   0.09651   0.11622   0.05979   0.05102   6.96446   1.02473  
100  0.0000 1169641.895026  x:  0.00579   0.01320   0.02909   0.04430   0.03489   0.00857   0.00737   0.00982   0.00447   0.01118   0.05252   0.04861   0.03598   0.02407   0.01532   0.01479   0.00245   0.01779   0.00931   0.00721   0.00757   0.00188   0.01236   0.02770   0.04402   0.04500   0.01208   0.10974   0.01711   0.03233   0.00404   0.03774   0.02213   0.02894   0.01733   0.00744   0.00669   0.03600   0.02164   0.01459   0.01410   0.00155   0.01624   0.01332   0.00795   0.00959   0.01820   0.01197   0.00714   0.00719   0.03093   0.05181   0.00106   0.00475   0.11387   0.08489   0.04984   0.03078   0.00429   0.02175   0.02141   0.01521   0.01107   0.01043   0.00231   0.00193   0.08074   0.04954   0.02200   0.00937   0.02827   0.03267   0.01052   0.01719   0.01031   0.00392   0.00885   0.00920   0.01079   0.01436   0.00927   0.00614   0.00691   0.09651   0.11622   0.05979   0.05102   6.96446   1.02473  
101  0.0000 1169641.895026  x:  0.00579   0.01320   0.02909   0.04430   0.03489   0.00857   0.00737   0.00982   0.00447   0.01118   0.05252   0.04861   0.03598   0.02407   0.01532   0.01479   0.00245   0.01779   0.00931   0.00721   0.00757   0.00188   0.01236   0.02770   0.04402   0.04500   0.01208   0.10974   0.01711   0.03233   0.00404   0.03774   0.02213   0.02894   0.01733   0.00744   0.00669   0.03600   0.02164   0.01459   0.01410   0.00155   0.01624   0.01332   0.00795   0.00959   0.01820   0.01197   0.00714   0.00719   0.03093   0.05181   0.00106   0.00475   0.11387   0.08489   0.04984   0.03078   0.00429   0.02175   0.02141   0.01521   0.01107   0.01043   0.00231   0.00193   0.08074   0.04954   0.02200   0.00937   0.02827   0.03267   0.01052   0.01719   0.01031   0.00392   0.00885   0.00920   0.01079   0.01436   0.00927   0.00614   0.00691   0.09651   0.11622   0.05979   0.05102   6.96446   1.02473  