
 45

((((t45: 0.044351, (t5: 0.008579, t17: 0.007374): 0.034899): 0.029117, (((t2: 0.052515, t39: 0.048644): 0.011196, (t9: 0.024079, (t10: 0.014790, (t15: 0.017786, (t40: 0.007209, t19: 0.007573): 0.009313): 0.002455): 0.015326): 0.036024): 0.004462, (((t20: 0.044033, t38: 0.044968): 0.027689, (t37: 0.109825, (t42: 0.032334, (t34: 0.037765, (t27: 0.028926, (t36: 0.007446, t12: 0.006682): 0.017344): 0.022133): 0.004040): 0.017121): 0.012083): 0.012359, (((t26: 0.014105, (t31: 0.016239, t35: 0.013322): 0.001549): 0.014598, ((t11: 0.018195, (t7: 0.007136, t6: 0.007196): 0.011976): 0.009584, t21: 0.030939): 0.007955): 0.021660, t32: 0.051800): 0.035985): 0.001883): 0.009815): 0.013199, ((t4: 0.113797, (t3: 0.049824, ((t41: 0.021736, t25: 0.021396): 0.004286, (t1: 0.011071, (t13: 0.002308, t44: 0.001925): 0.010424): 0.015213): 0.030759): 0.084807): 0.004702, (t14: 0.049495, ((t24: 0.028289, t18: 0.032692): 0.009366, ((t23: 0.010314, (t43: 0.008854, t8: 0.009201): 0.003923): 0.017194, (t30: 0.014367, (t22: 0.006148, t16: 0.006910): 0.009287): 0.010793): 0.010542): 0.022094): 0.080751): 0.001048): 0.005758, t33: 0.096632, (t28: 0.059795, t29: 0.051024): 0.116128);

  0.005758  0.013199  0.029117  0.044351  0.034899  0.008579  0.007374  0.009815  0.004462  0.011196  0.052515  0.048644  0.036024  0.024079  0.015326  0.014790  0.002455  0.017786  0.009313  0.007209  0.007573  0.001883  0.012359  0.027689  0.044033  0.044968  0.012083  0.109825  0.017121  0.032334  0.004040  0.037765  0.022133  0.028926  0.017344  0.007446  0.006682  0.035985  0.021660  0.014598  0.014105  0.001549  0.016239  0.013322  0.007955  0.009584  0.018195  0.011976  0.007136  0.007196  0.030939  0.051800  0.001048  0.004702  0.113797  0.084807  0.049824  0.030759  0.004286  0.021736  0.021396  0.015213  0.011071  0.010424  0.002308  0.001925  0.080751  0.049495  0.022094  0.009366  0.028289  0.032692  0.010542  0.017194  0.010314  0.003923  0.008854  0.009201  0.010793  0.014367  0.009287  0.006148  0.006910  0.096632  0.116128  0.059795  0.051024

 -0.129060 -0.010341 -0.072398  0.025638 -0.047808 -0.195646 -0.207436 -0.199441 -0.329151  0.000000 -0.023780 -0.031639 -0.047756 -0.039219 -0.053316 -0.162901 -0.869815 -0.094936 -0.408308 -0.121361 -0.265165 -0.864502 -0.046573  0.054374  0.000000 -0.026180 -0.157585  0.033566 -0.035481 -0.028192 -0.117106 -0.122836  0.053530  0.000000 -0.068658 -0.151955 -0.251523  0.038768  0.068368 -0.045322 -0.079209 -2.809987 -0.114555 -0.046528  0.137441 -0.138372 -0.110905 -0.074199 -0.262390 -0.642067 -0.020890 -0.035972 -1.833947  0.057356  0.012543  0.018243  0.012752  0.045177 -0.068392 -0.071212 -0.102009  0.032108 -0.143926 -0.115790 -2.156273 -3.263241  0.007540  0.023849 -0.068909 -0.106108 -0.103590 -0.039455 -0.190081 -0.101858 -0.165927 -0.452246 -0.177129 -0.160342 -0.153179 -0.129686 -0.151101 -0.277689 -0.543975 -0.038217  0.011995  0.000000 -0.032121


Hessian

 -4.978e+06 -2.312e+05 -4.279e+04       3228       6498  1.414e+04 -1.934e+04 -9.382e+04 -6.223e+04 -4.242e+04  2.705e+04       9612      -2859  3.706e+04       3217  2.797e+04      -1831      -2140       1350  6.554e+04  4.506e+04 -1.678e+05 -6.244e+04       8331       5942  1.689e+04 -1.632e+04      172.7      -8351       5766       8326  3.183e+04  2.051e+04  2.563e+04  3.739e+04  3.188e+04  5.572e+04 -1.044e+04  3.033e+04  3.166e+04  1.022e+04  3.281e+04  4.826e+04       6840  4.673e+04  4.968e+04  5.477e+04  1.829e+04  4.549e+04  2.062e+04  1.944e+04  3.541e+04 -3.204e+05 -4.615e+04       7043      -6806  1.741e+04  1.743e+04       3415       5523  4.412e+04  2.296e+04  2.858e+04  1.372e+04 -3.315e+04       8275 -2.651e+04       7865      601.5  -6.88e+04       7687    4.1e+04 -1.306e+04  2.441e+04  4.961e+04 -1.565e+04  3.453e+04  5.188e+04  2.936e+04  1.553e+04  5.498e+04      -7471 -1.534e+04 -4.372e+05 -2.744e+05       2618 -2.588e+04
 -2.312e+05 -5.164e+06 -6.016e+04 -1.506e+04      -5706 -3.105e+04  -2.68e+04  -5.42e+05 -2.164e+05 -1.326e+05 -2.645e+04 -1.266e+04 -5.055e+04 -2.646e+04       7500  -2.86e+04 -1.523e+05       1376  1.966e+04  3.263e+04      -4043 -2.298e+05 -1.707e+05 -7.383e+04 -4.786e+04 -1.369e+04 -6.479e+04      -5880  -6.77e+04      -9833 -7.193e+04  1.201e+04      -6825 -1.283e+04 -5.093e+04  2.336e+04  3.451e+04 -6.149e+04 -3.171e+04 -1.425e+04 -3.236e+04 -6.571e+04 -2.549e+04  1.332e+04 -3.961e+04 -1.171e+04      -1559      -5352 -4.623e+04     -427.2  2.072e+04 -2.416e+04 -1.197e+06 -2.462e+05 -3.953e+04 -4.319e+04  3.988e+04  1.759e+04  5.964e+04  3.332e+04   1.45e+04       8494  3.938e+04      -1884  1.076e+05  7.974e+04 -7.352e+04       6490 -2.123e+04 -4.912e+04       5717  2.199e+04  1.701e+04      -4970  7.396e+04 -3.271e+04  1.755e+04  3.645e+04  1.164e+04      -3527  2.308e+04 -1.408e+04  4.384e+04 -5.336e+04 -2.558e+04  1.896e+04  1.926e+04
 -4.279e+04 -6.016e+04 -2.634e+06 -8.255e+04  -1.16e+05 -7.511e+04 -7.683e+04 -2.477e+05 -1.293e+05 -8.559e+04 -1.032e+04 -3.378e+04 -4.897e+04 -1.979e+04 -1.434e+04       1319 -1.298e+04  1.553e+04       5524  5.705e+04  2.001e+04 -1.402e+05 -4.678e+04 -3.285e+04      -2487  1.582e+04  -2.61e+04       4945 -1.875e+04 -1.093e+04 -1.963e+04       1081      -8431       4205      -9960  6.445e+04  5.814e+04      -9210      -5491 -1.462e+04  4.231e+04      -4938  2.027e+04  2.251e+04 -1.762e+04       3400  2.247e+04   -2.4e+04  2.078e+04  1.709e+04  1.659e+04      -1472 -1.361e+04      -1257       9006       3534       2973  1.933e+04  1.859e+04       5814  1.754e+04      -9377  4.542e+04  2.365e+04  1.079e+05  9.086e+04 -2.276e+04  1.442e+04 -1.497e+04  4.623e+04       7813  4.822e+04  3.279e+04  3.174e+04  3.794e+04       7837  2.071e+04 -2.991e+04  3.233e+04    1.2e+04  2.559e+04      -5892  3.125e+04 -1.269e+04       3259  2.405e+04  1.817e+04
       3228 -1.506e+04 -8.255e+04 -1.875e+06 -7.916e+04 -6.453e+04 -6.568e+04 -2.765e+04 -5.173e+04 -1.703e+04       4436       4104 -1.663e+04 -1.574e+04       3513  2.566e+04     -995.9       2072 -2.482e+04       3942      275.8 -4.109e+04       5143       4463       6924       9503       3183  1.307e+04       7004       7559       2616  2.166e+04       7729  1.269e+04      -6982  2.669e+04   1.67e+04     -549.7 -1.528e+04  1.051e+04  1.915e+04 -3.384e+04 -2.533e+04      -5549  3.213e+04       1067  1.269e+04       3144       1412       8879  1.153e+04  1.343e+04  3.373e+04   1.16e+04  1.446e+04  1.649e+04  3.198e+04  1.877e+04  5.488e+04       7104    2.6e+04  2.711e+04  2.897e+04  4.357e+04  3.515e+04 -3.486e+04       9477  2.292e+04  1.009e+04  3.781e+04       6670  4.186e+04  1.125e+04  2.829e+04  3.159e+04  4.105e+04  1.576e+04  4.614e+04  3.546e+04  3.487e+04       6426  3.883e+04       6779       6501  1.653e+04  1.882e+04   1.16e+04
       6498      -5706  -1.16e+05 -7.916e+04 -2.355e+06 -2.725e+04 -4.172e+04 -3.583e+04 -4.193e+04 -6.449e+04       3632  -1.85e+04      -1273       2111      -2151  2.105e+04  2.449e+04  1.338e+04 -1.873e+04   1.35e+04  4.285e+04 -6.034e+04      -4596      -2788      -3687  1.145e+04 -2.278e+04  1.478e+04      -7295       -558 -4.032e+04  1.224e+04      -2546  2.996e+04  2.997e+04  3.082e+04       8963 -1.475e+04   2.82e+04  1.568e+04      -5425       5034  3.286e+04  2.046e+04       5805  1.256e+04   3.79e+04  2.678e+04 -1.534e+04  3.234e+04  1.233e+04  1.752e+04  2.701e+04  1.026e+04  2.319e+04       8738  2.471e+04  1.011e+04  1.475e+04  2.162e+04  2.372e+04  1.656e+04  2.776e+04  2.213e+04 -1.511e+04  6.235e+04  1.458e+04  1.898e+04  3.696e+04  1.861e+04  2.993e+04  3.479e+04   3.81e+04   1.36e+04  2.227e+04  1.039e+04  3.747e+04      -7460 -1.059e+04      -6209  3.351e+04  4.975e+04  5.836e+04       4452  1.162e+04   2.85e+04  2.309e+04
  1.414e+04 -3.105e+04 -7.511e+04 -6.453e+04 -2.725e+04 -1.035e+07 -1.717e+06 -2.673e+04 -1.123e+05 -4.773e+04  1.751e+04 -2.274e+04 -1.752e+04  2.873e+04      288.1 -1.546e+04 -6.575e+04 -4.738e+04  3.957e+04 -8.013e+04       6124  -2.95e+04 -6.234e+04 -1.817e+04       4419       1029 -8.539e+04  3.501e+04 -8.409e+04 -2.059e+04 -8.289e+04      923.7 -4.175e+04       5547  1.123e+04  6.669e+04  3.654e+04  3.967e+04 -4.333e+04 -3.903e+04  1.595e+04 -9.217e+04 -3.941e+04 -6.441e+04 -3.327e+04  1.222e+04       7335  -4.23e+04  6.427e+04     -608.8      -1576  1.242e+04  7.215e+04      -8455       7927  3.654e+04  2.348e+04  2.038e+04  -9.14e+04   2.46e+04      -8698  1.488e+04       7027 -6.108e+04       6546  4.183e+04  1.217e+04  1.914e+04  3.343e+04  1.212e+04  2.814e+04  1.327e+04  4.242e+04 -2.112e+04  1.491e+04 -1.337e+05 -5.974e+04 -1.762e+04  6.436e+04 -3.246e+04  1.221e+04 -1.342e+04  3.965e+04  2.441e+04  1.483e+04  2.684e+04  3.017e+04
 -1.934e+04  -2.68e+04 -7.683e+04 -6.568e+04 -4.172e+04 -1.717e+06 -1.174e+07 -4.573e+04 -1.445e+05 -3.693e+04       4791 -2.549e+04 -1.261e+04  5.571e+04 -4.123e+04 -2.781e+04 -2.129e+05 -6.229e+04 -5.385e+04 -2.007e+05 -4.654e+04 -1.111e+05 -4.622e+04 -2.958e+04 -3.655e+04       6946 -6.731e+04  1.807e+04 -1.406e+04 -1.378e+04  2.249e+04  -1.27e+04  2.147e+04 -2.271e+04       4590  2.026e+04 -2.253e+05      -7112 -2.878e+04  -6.49e+04 -1.131e+04 -6.755e+04 -3.474e+04      -9252  6.851e+04 -2.011e+04  3.295e+04   2.45e+04 -2.511e+04       9201 -2.259e+04   1.76e+04  8.868e+04  3.105e+04  2.047e+04   2.32e+04  2.429e+04  2.855e+04 -9.294e+04       7012       1409  3.906e+04       2306  5.201e+04  4.386e+04  6.372e+04       2444  3.069e+04  4.741e+04  3.147e+04  1.611e+04       1248  3.003e+04 -3.262e+04  -2.64e+04 -1.733e+04 -5.825e+04  1.246e+04  4.734e+04  4.064e+04  6.192e+04 -8.171e+04  9.561e+04  2.171e+04       3589   1.94e+04  2.233e+04
 -9.382e+04  -5.42e+05 -2.477e+05 -2.765e+04 -3.583e+04 -2.673e+04 -4.573e+04  -7.26e+06 -5.149e+05 -1.208e+05  -4.39e+04  -4.05e+04 -8.239e+04  1.267e+04  1.447e+04  1.846e+04 -1.318e+05       7874 -4.884e+04  7.886e+04  4.761e+04 -5.901e+05 -1.308e+05 -7.496e+04 -1.292e+04      -4739 -7.712e+04      -2219 -7.797e+04 -3.651e+04 -9.638e+04      -2740  -3.45e+04       8020 -4.803e+04  5.529e+04   3.82e+04 -1.185e+05 -3.585e+04  1.559e+04  1.134e+04 -1.419e+05 -7.037e+04 -4.274e+04 -1.819e+04 -3.421e+04      -7922 -4.207e+04       5278  5.028e+04 -1.485e+04 -4.385e+04 -2.054e+05 -1.106e+05 -3.221e+04 -1.614e+04       7381 -1.277e+04 -4.033e+04  1.001e+04       6745 -1.622e+04 -1.279e+04      -8439  8.858e+04  1.031e+05 -2.872e+04        553 -1.725e+04  4.761e+04  4.451e+04   4.97e+04  1.961e+04  5.268e+04       6479 -2.718e+04      -5232 -3.032e+04      -1756  1.293e+04   2.05e+04  2.538e+04 -3.721e+04 -1.554e+04       1332  1.265e+04  2.894e+04
 -6.223e+04 -2.164e+05 -1.293e+05 -5.173e+04 -4.193e+04 -1.123e+05 -1.445e+05 -5.149e+05 -1.294e+07 -8.498e+05 -8.669e+04 -9.717e+04 -4.034e+05 -8.517e+04 -6.392e+04 -1.023e+05 -2.245e+05 -1.108e+05 -1.076e+05 -8.204e+04 -7.746e+04 -1.429e+06 -3.675e+05 -1.045e+05 -1.865e+04 -2.787e+04 -1.677e+05 -2.348e+04 -1.343e+05 -3.841e+04 -1.069e+05 -6.749e+04 -4.552e+04 -1.397e+04      -4103 -2.826e+04  3.639e+04  -1.81e+05 -8.374e+04 -4.778e+04      -3492 -1.491e+05 -6.367e+04 -9.159e+04 -3.668e+04 -2.731e+04 -2.285e+04  -6.72e+04  3.735e+04 -3.807e+04 -5.388e+04 -3.669e+04 -1.498e+05 -3.339e+04 -1.557e+04 -1.498e+04       -526   -1.3e+04  1.176e+04 -3.149e+04  3.459e+04  1.594e+04   1.34e+04      -7664  3.444e+04 -1.166e+05 -2.229e+04  2.133e+04      -4137  1.267e+04     -191.7       8577 -1.045e+04 -4.426e+04       2454  1.348e+05   2.54e+04 -9.935e+04  2.339e+04  1.407e+04  3.315e+04 -2.693e+04  3.878e+04 -2.671e+04       4797  1.624e+04  1.572e+04
 -4.242e+04 -1.326e+05 -8.559e+04 -1.703e+04 -6.449e+04 -4.773e+04 -3.693e+04 -1.208e+05 -8.498e+05  -5.71e+06  -2.77e+05 -3.091e+05 -4.795e+04 -4.672e+04 -3.207e+04     -256.2 -1.033e+05 -2.511e+04 -6.036e+04 -1.441e+04  2.722e+04 -2.664e+05 -1.399e+05 -3.474e+04 -1.329e+04 -2.641e+04 -8.782e+04      -3591 -4.371e+04 -2.183e+04 -1.061e+05 -4.367e+04  -3.93e+04       3180 -2.956e+04      -3301  3.133e+04 -5.998e+04 -3.358e+04        724   2.76e+04      -3119  2.155e+04   2.29e+04  -3.76e+04 -1.365e+04       4201 -1.906e+04 -2.635e+04      -2257 -1.646e+04 -3.197e+04 -1.871e+04 -3.872e+04       1735 -1.274e+04 -1.333e+04      -4801 -1.701e+04 -1.538e+04  1.183e+04 -1.617e+04 -1.171e+04 -3.133e+04  4.942e+04 -3.835e+04       5239  3.451e+04  2.465e+04  2.106e+04       2581  4.155e+04  1.992e+04       6376      -2287  5.347e+04  -5.41e+04 -4.632e+04      -9247       9663 -3.938e+04  -5.32e+04 -1.641e+04  -1.45e+04       4497       4791  1.159e+04
  2.705e+04 -2.645e+04 -1.032e+04       4436       3632  1.751e+04       4791  -4.39e+04 -8.669e+04  -2.77e+05 -1.578e+06       8611 -1.572e+04 -4.166e+04       1719      -9440   3.91e+04      -6797      -5728 -2.682e+04       3773  -6.89e+04 -3.491e+04 -2.137e+04     -960.7 -1.263e+04 -2.894e+04       8653      -7872     -835.2 -3.007e+04       1717      -9890       4403       5368 -8.502e+04  3.113e+04 -1.265e+04      -7458      -1245   1.91e+04 -4.499e+04       9831       6807 -2.145e+04       4338 -1.457e+04 -2.222e+04       4736  2.039e+04       7827      -8878 -3.705e+04 -6.031e+04      171.3   1.28e+04  1.166e+04  1.197e+04       7718      969.1  1.728e+04      20.33 -1.709e+04  1.503e+04      -9067   2.21e+04   1.11e+04   2.34e+04  3.497e+04  3.984e+04  1.993e+04   3.61e+04  4.726e+04  2.011e+04  1.728e+04  4.568e+04  4.477e+04  1.587e+04  2.653e+04  1.933e+04  3.542e+04       4343       9497  1.269e+04  1.666e+04  1.172e+04  2.371e+04
       9612 -1.266e+04 -3.378e+04       4104  -1.85e+04 -2.274e+04 -2.549e+04  -4.05e+04 -9.717e+04 -3.091e+05       8611 -1.698e+06 -2.819e+04       1645 -3.356e+04 -3.175e+04 -5.783e+04  -1.76e+04  -5.23e+04 -2.852e+04 -1.158e+04 -5.577e+04 -3.122e+04       2923      -8759       2299 -4.183e+04       4166  -2.49e+04      -3331 -3.975e+04 -1.286e+04 -1.653e+04      639.1 -1.074e+04  3.318e+04  1.346e+04 -1.325e+04       1880       9585  2.986e+04 -1.364e+04      -2941      -6119       1407      -3635      -9338      -2662  2.224e+04       8893  1.719e+04       3221  2.523e+04 -1.073e+04  1.341e+04       7547  1.894e+04  1.631e+04  1.646e+04  2.326e+04  4.094e+04  1.588e+04  3.635e+04  4.303e+04  2.889e+04  3.902e+04  1.746e+04   3.53e+04  1.649e+04  3.493e+04  1.778e+04  1.662e+04      -1438  4.021e+04   1.53e+04  1.048e+04  2.861e+04      -5569  2.083e+04  1.765e+04  2.734e+04   3.85e+04  5.766e+04  1.057e+04   1.18e+04  2.241e+04   1.74e+04
      -2859 -5.055e+04 -4.897e+04 -1.663e+04      -1273 -1.752e+04 -1.261e+04 -8.239e+04 -4.034e+05 -4.795e+04 -1.572e+04 -2.819e+04 -2.317e+06 -2.827e+04 -1.211e+05 -7.169e+04   -8.8e+04 -1.117e+05 -9.786e+04 -1.334e+05 -8.658e+04 -1.332e+05 -6.096e+04 -1.937e+04      -8019      -3669  -6.66e+04       6482 -4.387e+04 -1.046e+04 -3.892e+04       2789       4052  1.235e+04  1.113e+04       9072       1350 -3.555e+04 -1.463e+04      -4139  2.681e+04  -2.42e+04 -2.648e+04 -1.026e+04       -997    3.2e+04  3.114e+04 -2.464e+04  1.184e+04  3.387e+04       3764      -6608 -1.995e+04       4764       9103       9573  3.306e+04  1.773e+04       3102  1.083e+04  1.024e+04  1.043e+04      -3293       2055      -2302    2.6e+04  2.016e+04  2.863e+04  2.545e+04  3.018e+04       6330  2.854e+04       9776      9.976  3.096e+04 -5.427e+04  2.884e+04       1681 -1.527e+04  2.955e+04      -5973  2.487e+04  3.089e+04       2085       7738  1.773e+04   2.09e+04
  3.706e+04 -2.646e+04 -1.979e+04 -1.574e+04       2111  2.873e+04  5.571e+04  1.267e+04 -8.517e+04 -4.672e+04 -4.166e+04       1645 -2.827e+04 -3.624e+06 -3.616e+05 -8.036e+04 -2.073e+05 -6.134e+04 -1.011e+05 -5.493e+04 -6.544e+04 -1.297e+05 -5.224e+04  1.682e+04      -2527      20.83  -1.68e+04      -4144      -1052     -116.9       36.7       7406  1.195e+04       6565      -3116 -1.386e+05       7386      -3174       4968       6559 -1.124e+04 -1.708e+04 -2.108e+04  1.935e+04  -3.82e+04 -5.043e+04 -6.801e+04  1.596e+04 -6.808e+04       2604      -6285      -2705  3.651e+04 -1.005e+05   1.45e+04       7496  1.281e+04  3.852e+04       8242  2.678e+04  3.561e+04 -1.315e+04       2480 -1.586e+04  9.607e+04  1.389e+04  2.868e+04  3.122e+04  2.795e+04  1.622e+04  1.772e+04  3.695e+04  4.085e+04       1120       7101  1.065e+04  5.541e+04  2.453e+04       4916   5.82e+04   5.98e+04       1641  2.145e+04  2.287e+04  1.548e+04  2.258e+04  3.847e+04
       3217       7500 -1.434e+04       3513      -2151      288.1 -4.123e+04  1.447e+04 -6.392e+04 -3.207e+04       1719 -3.356e+04 -1.211e+05 -3.616e+05 -5.267e+06 -1.558e+05 -4.216e+05 -2.332e+05 -1.869e+05 -1.007e+05 -1.153e+05 -5.686e+04 -2.514e+04     -814.3      -4203 -1.271e+04  -2.57e+04       6069 -1.281e+04      -7037 -8.305e+04  1.692e+04      328.8      -1083  1.003e+04 -3.593e+04  1.807e+04       1632       6111  2.251e+04  1.701e+04 -3.395e+04      -3917  1.821e+04  1.229e+04   -4.3e+04  3.007e+04  6.081e+04  1.602e+04      -2619      -3047       2575  5.005e+04  1.739e+04  1.912e+04  1.742e+04       2591  3.594e+04  2.636e+04       6362   6.13e+04 -3.266e+04      -6431  2.692e+04  3.007e+04      -6485  1.716e+04  1.214e+04  2.305e+04      -1128  2.016e+04  1.863e+04  2.893e+04 -1.405e+04  4.604e+04 -2.871e+04  4.851e+04  5.035e+04 -2.104e+04  7.297e+04  7.564e+04  6.842e+04  4.806e+04  1.255e+04  1.192e+04  1.542e+04  2.055e+04
  2.797e+04  -2.86e+04       1319  2.566e+04  2.105e+04 -1.546e+04 -2.781e+04  1.846e+04 -1.023e+05     -256.2      -9440 -3.175e+04 -7.169e+04 -8.036e+04 -1.558e+05 -6.254e+06 -1.178e+06 -1.837e+05 -2.251e+05 -1.225e+05 -3.551e+05 -7.396e+04 -3.216e+04 -1.043e+04       3435  -1.51e+04  2.321e+04  2.644e+04  -1.77e+04 -1.681e+04 -2.777e+04     -829.4  1.752e+04         43 -5.516e+04 -5.298e+04 -1.291e+04  1.213e+04       7340  7.582e+04  3.202e+04 -6.015e+04  1.554e+04 -3.559e+04       3945  4.803e+04 -2.811e+04       9133  5.201e+04  5.815e+04  3.407e+04  1.532e+04  5.736e+04  4.916e+04  2.282e+04  3.745e+04       6838       7114  3.624e+04  4.885e+04  1.586e+04  2.734e+04  4.353e+04  7.746e+04 -1.716e+05  1.374e+04  4.245e+04  2.277e+04  4.381e+04  2.167e+04  4.302e+04  4.343e+04  5.839e+04  3.539e+04  3.611e+04      -2234       9270  4.628e+04  4.898e+04       9497  6.127e+04       3692  8.699e+04  2.757e+04  1.501e+04  1.109e+04       6224
      -1831 -1.523e+05 -1.298e+04     -995.9  2.449e+04 -6.575e+04 -2.129e+05 -1.318e+05 -2.245e+05 -1.033e+05   3.91e+04 -5.783e+04   -8.8e+04 -2.073e+05 -4.216e+05 -1.178e+06 -2.741e+07 -3.469e+05 -1.105e+06 -1.467e+05 -1.396e+05 -3.057e+05 -9.595e+04       5876 -3.001e+04      413.4 -5.312e+04  2.146e+04 -6.706e+04      -5594 -3.021e+04 -1.914e+04  1.388e+04 -3.742e+04 -1.049e+05  5.064e+04  9.467e+04 -5.728e+04       8209     -118.6   -1.5e+05 -9.295e+04       4720 -1.924e+04 -1.576e+05 -1.237e+05 -6.129e+04   6.88e+04  1.453e+04 -1.156e+04 -3.013e+04 -2.159e+04 -6.067e+04       8387     -865.9  3.136e+04       7626   7.95e+04  1.722e+04  2.047e+04  1.889e+04 -1.614e+04  6.763e+04  1.016e+05  1.526e+05 -2.122e+04  3.683e+04   2.12e+04 -1.477e+04  6.264e+04  5.617e+04   3.49e+04       1004 -3.343e+04  7.245e+04 -1.088e+05   4.39e+04       4533  4.379e+04 -5.149e+04  1.067e+05 -1.507e+05  8.639e+04  2.409e+04     -243.4  1.759e+04   1.67e+04
      -2140       1376  1.553e+04       2072  1.338e+04 -4.738e+04 -6.229e+04       7874 -1.108e+05 -2.511e+04      -6797  -1.76e+04 -1.117e+05 -6.134e+04 -2.332e+05 -1.837e+05 -3.469e+05 -5.119e+06 -3.025e+05 -2.107e+05 -1.999e+05 -2.551e+04 -5.626e+04      -3539      -8572  1.889e+04       5652  1.186e+04      -8379  1.347e+04  -3.79e+04      -8560       1797 -1.638e+04 -1.559e+04 -1.033e+05 -3.374e+04 -3.123e+04   2.52e+04  3.909e+04       2282 -3.196e+04  2.967e+04      41.69  1.823e+04 -4.511e+04  -4.25e+04 -5.668e+04  4.303e+04 -2.888e+04  1.056e+04       9906 -1.765e+04  1.543e+04  1.754e+04  2.791e+04       5365       7654  4.137e+04  1.016e+04       3018       7025  2.243e+04       6059 -5.076e+04  2.636e+04  2.793e+04  1.551e+04      982.7  4.136e+04  4.061e+04  4.214e+04  7.068e+04  2.904e+04  4.946e+04   2.43e+04  2.145e+04   3.53e+04  1.097e+04  2.689e+04  3.224e+04  1.252e+04      -8009  1.734e+04  1.213e+04  2.424e+04  1.473e+04
       1350  1.966e+04       5524 -2.482e+04 -1.873e+04  3.957e+04 -5.385e+04 -4.884e+04 -1.076e+05 -6.036e+04      -5728  -5.23e+04 -9.786e+04 -1.011e+05 -1.869e+05 -2.251e+05 -1.105e+06 -3.025e+05 -9.474e+06 -2.687e+05 -1.914e+05 -3.041e+04 -4.703e+04      -4572 -1.636e+04 -1.313e+04      -2692  1.236e+04 -1.978e+04      -7589 -1.332e+04 -4.081e+04 -1.289e+04 -1.917e+04  2.427e+04 -1.001e+05 -6.413e+04 -1.973e+04 -1.766e+04  1.357e+04       7568       1718  3.789e+04  2.683e+04  1.573e+04  2.635e+04 -5.943e+04   3.79e+04  7.761e+04  7.461e+04      -3473 -1.852e+04 -1.185e+04  1.751e+04  2.262e+04   2.87e+04  1.705e+04  1.049e+04  1.433e+04       4792      -4613       9120      -2862 -8.363e+04 -5.496e+04 -4.848e+04  3.229e+04  3.042e+04   1.58e+04      -6731  4.507e+04  3.818e+04  3.959e+04      -4804 -3.224e+04  5.512e+04 -2.049e+04      -6130  4.855e+04  7.509e+04 -9.119e+04      -1276 -1.011e+04      -2189  2.585e+04  1.164e+04       2831
  6.554e+04  3.263e+04  5.705e+04       3942   1.35e+04 -8.013e+04 -2.007e+05  7.886e+04 -8.204e+04 -1.441e+04 -2.682e+04 -2.852e+04 -1.334e+05 -5.493e+04 -1.007e+05 -1.225e+05 -1.467e+05 -2.107e+05 -2.687e+05 -1.341e+07 -6.438e+05 -7.785e+04      -3159      -2255  3.224e+04   2.85e+04   3.91e+04  1.995e+04  2.772e+04 -3.837e+04  1.112e+04 -1.024e+04       8091  1.408e+04   1.51e+04 -1.723e+04 -1.744e+05  1.183e+04  6.968e+04  2.099e+04  7.478e+04       2408  3.637e+04 -1.533e+04       1079  5.245e+04  1.847e+04  4.539e+04  4.003e+04 -1.374e+04  1.402e+04   1.29e+04 -6.274e+04      -4059 -3.177e+04  4.867e+04 -1.121e+04  5.034e+04  -1.06e+05 -5.203e+04 -2.005e+04 -5.258e+04 -3.449e+04 -7.513e+04   2.92e+04      -9805  4.672e+04  3.277e+04  4.624e+04  5.394e+04  4.827e+04  5.426e+04  6.979e+04  4.088e+04      -8210  8.274e+04  3.649e+04  6.354e+04   1.91e+04  4.662e+04  4.596e+04  1.424e+05  7.971e+04  1.365e+04  3.275e+04 -1.164e+04  1.926e+04
  4.506e+04      -4043  2.001e+04      275.8  4.285e+04       6124 -4.654e+04  4.761e+04 -7.746e+04  2.722e+04       3773 -1.158e+04 -8.658e+04 -6.544e+04 -1.153e+05 -3.551e+05 -1.396e+05 -1.999e+05 -1.914e+05 -6.438e+05 -1.286e+07 -6.203e+04 -3.995e+04 -3.561e+04  1.499e+04       9139 -3.043e+04  2.515e+04      -1559 -1.279e+04      -7406  1.842e+04  2.422e+04 -3.648e+04   4.45e+04 -2.641e+04 -3.315e+04       5105  2.117e+04  1.976e+04  2.033e+04  1.611e+05      -8982 -5.047e+04  6.205e+04 -3.901e+04 -6.154e+04     -432.4 -6.706e+04  -3.26e+04  3.225e+04 -3.176e+04 -8.379e+04  3.615e+04       2152  3.353e+04   1.26e+04       5464 -2.469e+04  5.829e+04      -2636       3915  3.523e+04   4.82e+04   2.18e+04  1.767e+04  2.481e+04  3.899e+04  3.915e+04  6.196e+04  2.578e+04  6.789e+04  7.441e+04  3.674e+04 -3.603e+04  2.775e+04  5.131e+04  2.784e+04 -3.114e+04  3.404e+04  2.528e+04   3.06e+04  -3.44e+04  1.044e+04   2.92e+04  3.638e+04  1.491e+04
 -1.678e+05 -2.298e+05 -1.402e+05 -4.109e+04 -6.034e+04  -2.95e+04 -1.111e+05 -5.901e+05 -1.429e+06 -2.664e+05  -6.89e+04 -5.577e+04 -1.332e+05 -1.297e+05 -5.686e+04 -7.396e+04 -3.057e+05 -2.551e+04 -3.041e+04 -7.785e+04 -6.203e+04 -2.501e+07 -1.463e+06 -1.531e+05 -9.222e+04 -5.835e+04 -3.187e+05 -3.725e+04 -1.237e+05 -4.335e+04  -1.47e+05 -1.941e+04  -5.23e+04      -8898  -1.98e+04 -1.133e+05 -6.432e+04 -5.161e+05 -1.137e+05 -1.803e+05       8622 -1.256e+05 -3.809e+04       9670 -4.612e+04 -2.584e+04       6696 -2.928e+04  2.341e+04 -5.885e+04 -1.249e+04 -2.899e+04 -8.829e+04 -7.485e+04 -3.594e+04 -2.394e+04 -3.825e+04 -8.458e+04  2.156e+04   3.62e+04 -3.802e+04  5.184e+04  4.095e+04 -5.438e+04  1.583e+04  1.128e+05 -1.084e+04 -1.087e+04  2.242e+04      354.8      -1899  2.387e+04       8918  1.581e+04   6.92e+04 -1.254e+05  -2.61e+04 -2.189e+05  1.731e+04  3.769e+04  5.473e+04      -6321  2.559e+04 -4.385e+04 -4.351e+04       5440      -8362
 -6.244e+04 -1.707e+05 -4.678e+04       5143      -4596 -6.234e+04 -4.622e+04 -1.308e+05 -3.675e+05 -1.399e+05 -3.491e+04 -3.122e+04 -6.096e+04 -5.224e+04 -2.514e+04 -3.216e+04 -9.595e+04 -5.626e+04 -4.703e+04      -3159 -3.995e+04 -1.463e+06 -5.834e+06 -2.075e+05 -3.418e+04  -3.72e+04 -4.712e+05      -6209 -1.984e+05 -4.053e+04 -1.134e+05 -2.008e+04 -3.606e+04      -5296  -1.51e+04   6.48e+04  1.597e+04  -5.07e+04 -2.142e+04 -1.073e+04 -5.168e+04  2.581e+04 -3.559e+04  1.607e+04 -1.101e+04 -2.326e+04  1.496e+04      -1339 -2.659e+04 -6.794e+04       3668       4751 -1.168e+05 -3.629e+04      -1771      -5922  1.092e+04      -2875  1.531e+04  1.768e+04  3.346e+04  4.802e+04  5.829e+04  5.466e+04  1.385e+05  5.689e+04      -5551  1.989e+04  1.724e+04  1.333e+04   2.44e+04  4.533e+04  2.356e+04  1.752e+04  4.761e+04 -2.795e+04  4.252e+04 -2.099e+04  2.185e+04       4248  5.175e+04 -1.525e+04   8.46e+04 -1.057e+04      -8003   3.28e+04  3.314e+04
       8331 -7.383e+04 -3.285e+04       4463      -2788 -1.817e+04 -2.958e+04 -7.496e+04 -1.045e+05 -3.474e+04 -2.137e+04       2923 -1.937e+04  1.682e+04     -814.3 -1.043e+04       5876      -3539      -4572      -2255 -3.561e+04 -1.531e+05 -2.075e+05 -2.676e+06 -1.254e+05 -1.337e+05 -5.582e+04       2569 -2.053e+04 -1.576e+04 -4.764e+04  -2.06e+04 -2.623e+04       8280  -3.81e+04  2.831e+04 -5.952e+04 -1.332e+04 -2.392e+04      -7171  1.363e+04  3.679e+04 -1.762e+04      -4584      -1081  -1.34e+04       9844       1179 -4.006e+04      -2561       7519      -9514  -4.94e+04 -4.493e+04       2015      -6711       2236      -5661  1.205e+04       9325  1.945e+04      -5150  4.184e+04       6351 -4.947e+04  2.012e+04       5299  2.798e+04  2.563e+04  2.078e+04  2.763e+04  1.759e+04  3.175e+04  5.019e+04  1.008e+04       8294   5.78e+04      -8184       4416  2.642e+04 -1.149e+04  1.722e+04  2.066e+04       6766       6048  2.328e+04    2.1e+04
       5942 -4.786e+04      -2487       6924      -3687       4419 -3.655e+04 -1.292e+04 -1.865e+04 -1.329e+04     -960.7      -8759      -8019      -2527      -4203       3435 -3.001e+04      -8572 -1.636e+04  3.224e+04  1.499e+04 -9.222e+04 -3.418e+04 -1.254e+05  -1.84e+06 -7.755e+04 -2.001e+04  1.214e+04      -4285 -2.377e+04 -3.127e+04      -2273      -1923   1.02e+04 -1.686e+04       6784 -1.904e+04       4437       5574  1.503e+04      -5022 -1.737e+04      -6491       9890  1.268e+04 -2.828e+04 -1.106e+04      -2746  3.796e+04  5.327e+04      -8420       4087      -3516      -8485   1.37e+04       9066       5027       3747  3.319e+04      -3617  1.718e+04  1.074e+04      -3512  2.806e+04 -2.994e+04      -9220  1.383e+04  2.637e+04  2.683e+04  1.991e+04       9143  2.005e+04      97.06  2.627e+04   1.92e+04  1.239e+04       3301  1.264e+04  2.653e+04  1.773e+04  5.562e+04  2.922e+04  4.451e+04  1.423e+04       9568  1.825e+04  1.096e+04
  1.689e+04 -1.369e+04  1.582e+04       9503  1.145e+04       1029       6946      -4739 -2.787e+04 -2.641e+04 -1.263e+04       2299      -3669      20.83 -1.271e+04  -1.51e+04      413.4  1.889e+04 -1.313e+04   2.85e+04       9139 -5.835e+04  -3.72e+04 -1.337e+05 -7.755e+04 -1.818e+06       8015  1.558e+04      -3064     -402.5       7734      -2721      -8827      -1182 -3.028e+04       9280      -1634 -1.014e+04      -9585 -2.909e+04       3847  2.346e+04  1.633e+04 -5.505e+04      -3276  2.186e+04      915.1      -2168  1.806e+04  4.116e+04     -403.8  1.054e+04  1.974e+04      -4497  1.598e+04  1.397e+04      -3672  2.725e+04 -3.486e+04       3077   1.66e+04       7449  3.242e+04  2.078e+04 -2.843e+04   5.06e+04  2.659e+04   2.82e+04  3.872e+04       4695       9490  1.604e+04  1.126e+04  3.096e+04  1.012e+04  3.164e+04  3.158e+04  2.285e+04  1.314e+04 -1.043e+04  2.391e+04  2.995e+04      -8506  1.763e+04   1.31e+04  2.598e+04  1.898e+04
 -1.632e+04 -6.479e+04  -2.61e+04       3183 -2.278e+04 -8.539e+04 -6.731e+04 -7.712e+04 -1.677e+05 -8.782e+04 -2.894e+04 -4.183e+04  -6.66e+04  -1.68e+04  -2.57e+04  2.321e+04 -5.312e+04       5652      -2692   3.91e+04 -3.043e+04 -3.187e+05 -4.712e+05 -5.582e+04 -2.001e+04       8015 -5.083e+06 -3.799e+04 -9.045e+05 -4.387e+04 -4.735e+05 -3.771e+04 -5.475e+04 -4.947e+04 -3.031e+04     -577.3  -3.48e+04      -4254      -7528  2.696e+04 -1.484e+04  4.437e+04  3.984e+04   1.89e+04       9452      -3551       3475      -5013 -2.152e+04 -3.215e+04  1.535e+04      -2139  1.282e+04 -3.604e+04   1.29e+04 -1.214e+04  2.348e+04  1.988e+04       4276  2.903e+04  3.333e+04  4.594e+04  2.983e+04  4.793e+04  1.446e+04       3445 -1.325e+04  1.788e+04  3.735e+04  2.818e+04  1.744e+04   3.61e+04  1.363e+04  2.656e+04  6.195e+04      -1414  4.879e+04 -5.061e+04  1.526e+04  2.231e+04  2.553e+04  1.511e+04  3.525e+04       5270      -4626  2.721e+04  1.881e+04
      172.7      -5880       4945  1.307e+04  1.478e+04  3.501e+04  1.807e+04      -2219 -2.348e+04      -3591       8653       4166       6482      -4144       6069  2.644e+04  2.146e+04  1.186e+04  1.236e+04  1.995e+04  2.515e+04 -3.725e+04      -6209       2569  1.214e+04  1.558e+04 -3.799e+04 -6.749e+05 -1.355e+04       6677      -4619      -2341     -68.37  1.636e+04   2.59e+04       1918       7461       7930       4672   1.25e+04  2.526e+04 -1.166e+04  3.049e+04  2.037e+04       7262       6104       2391       8712  2.795e+04  1.603e+04  2.175e+04  1.971e+04      -6082 -1.445e+04  1.234e+04       9985  1.271e+04   2.24e+04  3.847e+04       9174  1.129e+04   2.31e+04  2.468e+04  4.259e+04  6.296e+04  2.993e+04       7807  2.785e+04  2.038e+04      225.1       9966  1.929e+04  2.992e+04  3.699e+04       7905  4.181e+04  1.326e+04       5247  3.058e+04  3.345e+04  2.927e+04  3.586e+04  5.023e+04       9202       5965  1.851e+04  1.833e+04
      -8351  -6.77e+04 -1.875e+04       7004      -7295 -8.409e+04 -1.406e+04 -7.797e+04 -1.343e+05 -4.371e+04      -7872  -2.49e+04 -4.387e+04      -1052 -1.281e+04  -1.77e+04 -6.706e+04      -8379 -1.978e+04  2.772e+04      -1559 -1.237e+05 -1.984e+05 -2.053e+04      -4285      -3064 -9.045e+05 -1.355e+04 -3.834e+06 -9.302e+04 -1.096e+06 -7.795e+04 -1.043e+05 -5.124e+04 -5.296e+04 -4.116e+04 -7.088e+04  -1.72e+04 -2.163e+04      -9784      -8737  4.925e+04  3.524e+04      -6728 -1.204e+04      -5796       3361 -2.459e+04 -1.315e+04  3.633e+04       7571       7050 -3.717e+04 -1.432e+04       9341       9655  2.546e+04  2.273e+04  2.235e+04  1.878e+04  1.074e+04  3.219e+04  1.801e+04   5.25e+04  3.436e+04   4.29e+04      625.4  3.512e+04  3.847e+04  1.541e+04  3.958e+04  2.778e+04  3.414e+04  3.087e+04  4.106e+04  1.017e+04       9421       2240  2.624e+04  2.132e+04  7.154e+04  6.489e+04  7.139e+04       2393       7672  2.318e+04  2.638e+04
       5766      -9833 -1.093e+04       7559       -558 -2.059e+04 -1.378e+04 -3.651e+04 -3.841e+04 -2.183e+04     -835.2      -3331 -1.046e+04     -116.9      -7037 -1.681e+04      -5594  1.347e+04      -7589 -3.837e+04 -1.279e+04 -4.335e+04 -4.053e+04 -1.576e+04 -2.377e+04     -402.5 -4.387e+04       6677 -9.302e+04 -2.225e+06 -4.149e+05  -6.19e+04 -6.156e+04 -4.944e+04 -3.686e+04     -115.8 -8.066e+04      -2294      -2276 -2.364e+04 -3.471e+04 -1.872e+04 -1.669e+04  1.065e+04  1.642e+04 -1.877e+04  -1.21e+04      -3641       4182      -7486 -1.591e+04       2628  4.994e+04   2.89e+04  1.186e+04   1.51e+04  1.642e+04  1.923e+04      -1483  1.397e+04  1.491e+04       9409  5.396e+04  1.888e+04  6.422e+04  2.127e+04  1.338e+04  2.508e+04  3.391e+04  3.868e+04  3.917e+04       4736      608.6  2.812e+04      -9792  1.948e+04  1.354e+04 -1.551e+04  1.745e+04   1.07e+04  2.901e+04       6988 -1.176e+04       6511  2.253e+04  3.347e+04  3.461e+04
       8326 -7.193e+04 -1.963e+04       2616 -4.032e+04 -8.289e+04  2.249e+04 -9.638e+04 -1.069e+05 -1.061e+05 -3.007e+04 -3.975e+04 -3.892e+04       36.7 -8.305e+04 -2.777e+04 -3.021e+04  -3.79e+04 -1.332e+04  1.112e+04      -7406  -1.47e+05 -1.134e+05 -4.764e+04 -3.127e+04       7734 -4.735e+05      -4619 -1.096e+06 -4.149e+05 -1.113e+07 -3.176e+05 -4.817e+05  -4.97e+04 -9.969e+04 -5.129e+04 -1.682e+05 -1.411e+04  1.229e+04 -4.018e+04 -2.688e+04  1.123e+05  1.612e+04  2.644e+04       9982 -1.095e+04  1.312e+04  3.738e+04 -3.426e+04 -5.215e+04      -6526       9901  3.677e+04  6.281e+04       7234  2.913e+04  4.668e+04      -6568 -4.193e+04       9999  4.682e+04      793.4  3.031e+04  9.322e+04  1.254e+05  8.577e+04  2.192e+04  2.375e+04  3.629e+04 -5.587e+04   4.79e+04  5.118e+04 -1.008e+04  4.828e+04  6.068e+04  3.326e+04  1.734e+04 -2.196e+04 -3.813e+04  3.947e+04  3.892e+04  5.191e+04   6.99e+04  1.744e+04    1.7e+04  2.772e+04  2.479e+04
  3.183e+04  1.201e+04       1081  2.166e+04  1.224e+04      923.7  -1.27e+04      -2740 -6.749e+04 -4.367e+04       1717 -1.286e+04       2789       7406  1.692e+04     -829.4 -1.914e+04      -8560 -4.081e+04 -1.024e+04  1.842e+04 -1.941e+04 -2.008e+04  -2.06e+04      -2273      -2721 -3.771e+04      -2341 -7.795e+04  -6.19e+04 -3.176e+05 -2.285e+06 -1.007e+05      -1188 -4.612e+04 -7.546e+04 -7.686e+04      -7386      336.9  2.187e+04   2.13e+04  -1.86e+04       2694 -1.035e+04  1.541e+04  1.576e+04  4.849e+04       1529       7603  2.482e+04       9010  1.055e+04  1.232e+04  1.628e+04  1.826e+04  1.332e+04  3.651e+04  2.058e+04 -5.707e+04  1.101e+04       4702       9251  2.291e+04  5.012e+04  7.323e+04  4.615e+04  2.036e+04  2.553e+04  3.247e+04  3.014e+04  3.593e+04  2.045e+04  1.872e+04   1.62e+04  4.128e+04  1.892e+04   1.13e+04 -4.415e+04       1507       4714  3.056e+04  3.063e+04  3.056e+04  1.447e+04  1.907e+04  2.589e+04  1.817e+04
  2.051e+04      -6825      -8431       7729      -2546 -4.175e+04  2.147e+04  -3.45e+04 -4.552e+04  -3.93e+04      -9890 -1.653e+04       4052  1.195e+04      328.8  1.752e+04  1.388e+04       1797 -1.289e+04       8091  2.422e+04  -5.23e+04 -3.606e+04 -2.623e+04      -1923      -8827 -5.475e+04     -68.37 -1.043e+05 -6.156e+04 -4.817e+05 -1.007e+05 -3.611e+06 -7.744e+04 -1.777e+05 -1.032e+05 -1.278e+05 -1.042e+04 -2.903e+04       4305 -1.911e+04 -7.111e+04      529.7      -3296  2.561e+04       2674  2.251e+04  1.439e+04 -3.688e+04      780.8  1.271e+04       7083       2675       9827  1.596e+04       9545  2.887e+04  2.379e+04  1.886e+04  5.257e+04  2.246e+04  2.954e+04  2.648e+04  1.523e+04  9.728e+04  3.605e+04  1.059e+04   2.26e+04  3.088e+04   3.12e+04  1.189e+04  2.226e+04  2.736e+04  2.639e+04  1.802e+04  2.779e+04  1.957e+04       4314  4.673e+04  3.269e+04  3.865e+04 -2.453e+04  5.401e+04  1.864e+04  2.419e+04   2.95e+04  2.451e+04
  2.563e+04 -1.283e+04       4205  1.269e+04  2.996e+04       5547 -2.271e+04       8020 -1.397e+04       3180       4403      639.1  1.235e+04       6565      -1083         43 -3.742e+04 -1.638e+04 -1.917e+04  1.408e+04 -3.648e+04      -8898      -5296       8280   1.02e+04      -1182 -4.947e+04  1.636e+04 -5.124e+04 -4.944e+04  -4.97e+04      -1188 -7.744e+04 -3.081e+06 -2.361e+05 -9.807e+04 -1.701e+05      -3000      -7009  2.357e+04 -1.303e+04  2.548e+04  1.354e+04      -5444  1.664e+04      -3378       7361     -462.1 -1.212e+04      -3063       6277  2.028e+04  3.294e+04      -1755  1.403e+04  2.915e+04  2.018e+04  2.666e+04  4.127e+04  3.343e+04       9627  2.016e+04  5.052e+04  3.621e+04  9.523e+04  3.188e+04  2.608e+04  2.137e+04   3.33e+04       9921  2.943e+04  2.805e+04  3.687e+04   2.75e+04  3.865e+04  4.152e+04  3.204e+04  3.479e+04  3.697e+04   2.92e+04   3.42e+04  2.594e+04  1.707e+04  2.896e+04  2.146e+04  2.012e+04   2.15e+04
  3.739e+04 -5.093e+04      -9960      -6982  2.997e+04  1.123e+04       4590 -4.803e+04      -4103 -2.956e+04       5368 -1.074e+04  1.113e+04      -3116  1.003e+04 -5.516e+04 -1.049e+05 -1.559e+04  2.427e+04   1.51e+04   4.45e+04  -1.98e+04  -1.51e+04  -3.81e+04 -1.686e+04 -3.028e+04 -3.031e+04   2.59e+04 -5.296e+04 -3.686e+04 -9.969e+04 -4.612e+04 -1.777e+05 -2.361e+05 -4.891e+06 -9.159e+04 -1.524e+05  1.921e+04  1.561e+04       1856  2.752e+04  5.066e+04  1.537e+04 -1.495e+04  4.571e+04      -5178  4.102e+04  1.174e+04  3.101e+04   4.71e+04  2.094e+04  2.974e+04  1.681e+04   -3.1e+04  1.989e+04       8863  2.887e+04  1.859e+04      -1845  1.645e+04  3.236e+04  2.697e+04  9.038e+04  2.133e+04  7.848e+04 -8.532e+04  1.898e+04       7841  2.462e+04  3.865e+04  1.703e+04   4.66e+04  4.683e+04  1.712e+04       9568  3.378e+04      303.2   3.53e+04  2.938e+04       2067  1.175e+04   1.34e+04  4.335e+04  1.915e+04  1.838e+04  3.037e+04   2.23e+04
  3.188e+04  2.336e+04  6.445e+04  2.669e+04  3.082e+04  6.669e+04  2.026e+04  5.529e+04 -2.826e+04      -3301 -8.502e+04  3.318e+04       9072 -1.386e+05 -3.593e+04 -5.298e+04  5.064e+04 -1.033e+05 -1.001e+05 -1.723e+04 -2.641e+04 -1.133e+05   6.48e+04  2.831e+04       6784       9280     -577.3       1918 -4.116e+04     -115.8 -5.129e+04 -7.546e+04 -1.032e+05 -9.807e+04 -9.159e+04 -1.231e+07 -1.254e+06  2.579e+04  5.928e+04  1.719e+04 -5.118e+04 -3.159e+04  3.618e+04       2607  2.376e+04 -1.346e+04 -1.771e+05 -1.264e+04 -2.471e+04  4.216e+04      -9957  1.435e+04       8403 -2.008e+05    1.8e+04 -1.287e+04  4.376e+04  1.874e+04 -2.616e+04  3.888e+04   4.28e+04 -1.115e+04 -3.103e+04  5.038e+04 -1.556e+05 -1.403e+05  2.879e+04  4.642e+04  4.236e+04  3.449e+04  2.358e+04  3.259e+04  5.164e+04  6.459e+04 -4.785e+04  1.029e+05  1.147e+04  3.735e+04       2472  6.019e+04 -3.167e+04  7.298e+04 -1.083e+04  2.596e+04  4.158e+04  4.809e+04  4.114e+04
  5.572e+04  3.451e+04  5.814e+04   1.67e+04       8963  3.654e+04 -2.253e+05   3.82e+04  3.639e+04  3.133e+04  3.113e+04  1.346e+04       1350       7386  1.807e+04 -1.291e+04  9.467e+04 -3.374e+04 -6.413e+04 -1.744e+05 -3.315e+04 -6.432e+04  1.597e+04 -5.952e+04 -1.904e+04      -1634  -3.48e+04       7461 -7.088e+04 -8.066e+04 -1.682e+05 -7.686e+04 -1.278e+05 -1.701e+05 -1.524e+05 -1.254e+06 -1.355e+07  1.213e+04   2.91e+04  5.518e+04  -3.33e+04 -1.356e+05  5.458e+04     -532.2  3.375e+04  1.887e+04      -3091       9173   5.94e+04  2.908e+04       2702  4.603e+04   1.09e+05  9.076e+04  3.546e+04  3.939e+04   3.94e+04  1.084e+04  4.017e+04 -1.727e+04  3.319e+04   3.27e+04  3.992e+04  6.953e+04  3.887e+04 -3.775e+04  4.398e+04  2.338e+04  1.986e+04  2.433e+04  5.588e+04  1.976e+04  3.222e+04   3.47e+04       4221  4.191e+04  5.219e+04 -2.906e+04  8.238e+04    2.5e+04 -3.161e+04       1887 -1.526e+04  3.197e+04  3.343e+04  1.337e+04  3.371e+04
 -1.044e+04 -6.149e+04      -9210     -549.7 -1.475e+04  3.967e+04      -7112 -1.185e+05  -1.81e+05 -5.998e+04 -1.265e+04 -1.325e+04 -3.555e+04      -3174       1632  1.213e+04 -5.728e+04 -3.123e+04 -1.973e+04  1.183e+04       5105 -5.161e+05  -5.07e+04 -1.332e+04       4437 -1.014e+04      -4254       7930  -1.72e+04      -2294 -1.411e+04      -7386 -1.042e+04      -3000  1.921e+04  2.579e+04  1.213e+04 -2.215e+06 -2.013e+05 -3.555e+04 -2.833e+04 -7.225e+04 -4.113e+04 -1.152e+04 -6.567e+04 -6.005e+04 -1.141e+04      -2091 -6.014e+04 -1.378e+04       5870 -2.752e+04 -3.358e+04 -2.138e+04       4540      -4888  2.024e+04  1.815e+04 -1.893e+04      -6373   2.95e+04      -6228  1.893e+04      -6119  2.956e+04   5.21e+04  1.822e+04  3.526e+04  4.231e+04  1.712e+04  1.419e+04  3.288e+04   2.53e+04  2.346e+04  2.791e+04  1.367e+04  2.132e+04       7802  4.523e+04  2.174e+04  6.127e+04  1.423e+04   4.31e+04       2783       3035   2.33e+04  3.692e+04
  3.033e+04 -3.171e+04      -5491 -1.528e+04   2.82e+04 -4.333e+04 -2.878e+04 -3.585e+04 -8.374e+04 -3.358e+04      -7458       1880 -1.463e+04       4968       6111       7340       8209   2.52e+04 -1.766e+04  6.968e+04  2.117e+04 -1.137e+05 -2.142e+04 -2.392e+04       5574      -9585      -7528       4672 -2.163e+04      -2276  1.229e+04      336.9 -2.903e+04      -7009  1.561e+04  5.928e+04   2.91e+04 -2.013e+05 -3.513e+06 -1.109e+05 -6.119e+04 -9.469e+04 -8.666e+04 -3.991e+04 -1.197e+05 -7.311e+04 -8.603e+04  -1.77e+04 -1.113e+05 -1.036e+05 -7.395e+04 -1.384e+05 -5.912e+04       2421  1.657e+04  1.099e+04  2.237e+04  1.769e+04  2.492e+04  1.997e+04  3.592e+04       9060  2.745e+04  3.595e+04 -4.629e+04  1.029e+05  3.164e+04  2.157e+04   1.58e+04  1.037e+04  2.645e+04  2.835e+04  7.119e+04  2.601e+04   3.35e+04  7.916e+04 -3.836e+04 -1.687e+04  2.145e+04  4.604e+04  1.892e+04   1.79e+04  4.795e+04  2.543e+04  1.734e+04  2.252e+04  2.266e+04
  3.166e+04 -1.425e+04 -1.462e+04  1.051e+04  1.568e+04 -3.903e+04  -6.49e+04  1.559e+04 -4.778e+04        724      -1245       9585      -4139       6559  2.251e+04  7.582e+04     -118.6  3.909e+04  1.357e+04  2.099e+04  1.976e+04 -1.803e+05 -1.073e+04      -7171  1.503e+04 -2.909e+04  2.696e+04   1.25e+04      -9784 -2.364e+04 -4.018e+04  2.187e+04       4305  2.357e+04       1856  1.719e+04  5.518e+04 -3.555e+04 -1.109e+05  -5.68e+06 -1.723e+05 -6.177e+05 -2.295e+05 -2.183e+05 -7.141e+05 -1.957e+05 -7.538e+04 -9.927e+04 -7.152e+04 -1.471e+05 -6.861e+04 -3.504e+04 -1.544e+04  1.277e+04  2.599e+04  1.292e+04   1.14e+04       7914  1.538e+04      -8749  2.539e+04  2.756e+04  8.833e+04  2.292e+04  2.201e+04       6635  3.164e+04  3.253e+04  6.698e+04  5.044e+04  2.064e+04  5.685e+04      -6080  4.756e+04  2.108e+04  2.276e+04  1.999e+04       6308  5.044e+04  3.275e+04   2.12e+04  6.233e+04  1.317e+04  2.644e+04  2.135e+04  3.014e+04  1.482e+04
  1.022e+04 -3.236e+04  4.231e+04  1.915e+04      -5425  1.595e+04 -1.131e+04  1.134e+04      -3492   2.76e+04   1.91e+04  2.986e+04  2.681e+04 -1.124e+04  1.701e+04  3.202e+04   -1.5e+05       2282       7568  7.478e+04  2.033e+04       8622 -5.168e+04  1.363e+04      -5022       3847 -1.484e+04  2.526e+04      -8737 -3.471e+04 -2.688e+04   2.13e+04 -1.911e+04 -1.303e+04  2.752e+04 -5.118e+04  -3.33e+04 -2.833e+04 -6.119e+04 -1.723e+05 -6.671e+06 -1.287e+06     -2e+05 -2.271e+05 -8.574e+04 -1.106e+05 -1.092e+05 -7.689e+04 -1.547e+05 -1.405e+05 -6.494e+04   -1.9e+04       2632  4.913e+04  3.967e+04  2.595e+04  3.435e+04  3.068e+04  1.685e+04  4.013e+04  2.081e+04  4.663e+04  7.128e+04  2.316e+04  6.026e+04  7.551e+04  1.861e+04  1.133e+04      -3976  7.846e+04  3.736e+04  3.433e+04  3.393e+04  2.806e+04  3.018e+04    7.4e+04  2.072e+04  2.187e+04   6.77e+04       8785       9871  4.748e+04  2.236e+04  1.355e+04   3.17e+04  3.519e+04  2.785e+04
  3.281e+04 -6.571e+04      -4938 -3.384e+04       5034 -9.217e+04 -6.755e+04 -1.419e+05 -1.491e+05      -3119 -4.499e+04 -1.364e+04  -2.42e+04 -1.708e+04 -3.395e+04 -6.015e+04 -9.295e+04 -3.196e+04       1718       2408  1.611e+05 -1.256e+05  2.581e+04  3.679e+04 -1.737e+04  2.346e+04  4.437e+04 -1.166e+04  4.925e+04 -1.872e+04  1.123e+05  -1.86e+04 -7.111e+04  2.548e+04  5.066e+04 -3.159e+04 -1.356e+05 -7.225e+04 -9.469e+04 -6.177e+05 -1.287e+06 -4.413e+07 -5.868e+05  -7.28e+05 -3.147e+05 -3.023e+05 -7.018e+04 -2.577e+05 -1.695e+05 -2.607e+05 -1.206e+05 -8.327e+04  -5.18e+04  5.835e+04  6.343e+04   3.53e+04  3.343e+04 -1.573e+04   1.02e+05  4.792e+04 -3.079e+04  2.557e+04  7.783e+04  -5.28e+04 -8.048e+04  -4.46e+04  4.767e+04       8273  2.264e+04   5.88e+04  5.422e+04  4.211e+04  1.129e+05       4874  7.082e+04  1.454e+05 -5.927e+04 -1.942e+05 -4.303e+04 -1.161e+05  4.151e+04 -1.372e+05 -6.172e+04  2.695e+04  1.605e+04  2.241e+04      -8731
  4.826e+04 -2.549e+04  2.027e+04 -2.533e+04  3.286e+04 -3.941e+04 -3.474e+04 -7.037e+04 -6.367e+04  2.155e+04       9831      -2941 -2.648e+04 -2.108e+04      -3917  1.554e+04       4720  2.967e+04  3.789e+04  3.637e+04      -8982 -3.809e+04 -3.559e+04 -1.762e+04      -6491  1.633e+04  3.984e+04  3.049e+04  3.524e+04 -1.669e+04  1.612e+04       2694      529.7  1.354e+04  1.537e+04  3.618e+04  5.458e+04 -4.113e+04 -8.666e+04 -2.295e+05     -2e+05 -5.868e+05 -5.872e+06 -2.583e+05 -1.108e+05 -1.289e+05 -9.131e+04 -1.569e+05 -6.256e+04  -7.29e+04 -1.286e+05   -5.8e+04       6460  2.144e+04  2.875e+04  1.908e+04  2.855e+04  1.531e+04  4.625e+04  2.813e+04   3.44e+04  7.258e+04  4.957e+04  5.128e+04      -3633      385.6  3.057e+04  4.314e+04  7.231e+04  1.886e+04  2.713e+04  2.846e+04  4.904e+04       2812  3.374e+04  1.636e+04  5.895e+04  6.426e+04  1.702e+04  -1.68e+04  2.974e+04       8903 -2.813e+04  2.183e+04  2.238e+04  2.562e+04  2.368e+04
       6840  1.332e+04  2.251e+04      -5549  2.046e+04 -6.441e+04      -9252 -4.274e+04 -9.159e+04   2.29e+04       6807      -6119 -1.026e+04  1.935e+04  1.821e+04 -3.559e+04 -1.924e+04      41.69  2.683e+04 -1.533e+04 -5.047e+04       9670  1.607e+04      -4584       9890 -5.505e+04   1.89e+04  2.037e+04      -6728  1.065e+04  2.644e+04 -1.035e+04      -3296      -5444 -1.495e+04       2607     -532.2 -1.152e+04 -3.991e+04 -2.183e+05 -2.271e+05  -7.28e+05 -2.583e+05 -7.114e+06 -1.862e+05 -1.125e+05 -7.216e+04 -7.626e+04 -1.041e+05 -1.001e+05  -9.01e+04 -4.434e+04  5.718e+04  3.253e+04   2.31e+04  2.686e+04  2.601e+04  3.534e+04  6.794e+04  4.775e+04  2.166e+04  1.676e+04  2.344e+04 -2.585e+04 -1.885e+05  4.751e+04  3.427e+04  2.976e+04  4.387e+04  2.889e+04  1.682e+04  4.059e+04  2.691e+04  8.102e+04  6.638e+04  2.359e+04 -2.305e+04 -5.976e+04  3.045e+04  2.671e+04      -5668     -666.4       1432  2.608e+04  2.763e+04   3.91e+04       7632
  4.673e+04 -3.961e+04 -1.762e+04  3.213e+04       5805 -3.327e+04  6.851e+04 -1.819e+04 -3.668e+04  -3.76e+04 -2.145e+04       1407       -997  -3.82e+04  1.229e+04       3945 -1.576e+05  1.823e+04  1.573e+04       1079  6.205e+04 -4.612e+04 -1.101e+04      -1081  1.268e+04      -3276       9452       7262 -1.204e+04  1.642e+04       9982  1.541e+04  2.561e+04  1.664e+04  4.571e+04  2.376e+04  3.375e+04 -6.567e+04 -1.197e+05 -7.141e+05 -8.574e+04 -3.147e+05 -1.108e+05 -1.862e+05 -9.111e+06 -9.052e+05 -6.076e+04 -1.712e+05 -3.165e+05 -1.889e+05 -1.463e+05 -2.455e+04 -2.237e+04   2.69e+04  1.676e+04  2.762e+04       1460  2.574e+04     -415.3  2.777e+04  4.919e+04       2159 -4.101e+04 -4.002e+04 -1.001e+05  7.965e+04  1.226e+04  2.696e+04  1.759e+04  3.539e+04      -3083  5.493e+04      -1600     -806.8   8.01e+04  2.755e+04 -3.215e+04  5.715e+04 -1.949e+04  4.191e+04  6.608e+04  2.965e+04  1.001e+05  1.842e+04   3.14e+04       5748  2.508e+04
  4.968e+04 -1.171e+04       3400       1067  1.256e+04  1.222e+04 -2.011e+04 -3.421e+04 -2.731e+04 -1.365e+04       4338      -3635    3.2e+04 -5.043e+04   -4.3e+04  4.803e+04 -1.237e+05 -4.511e+04  2.635e+04  5.245e+04 -3.901e+04 -2.584e+04 -2.326e+04  -1.34e+04 -2.828e+04  2.186e+04      -3551       6104      -5796 -1.877e+04 -1.095e+04  1.576e+04       2674      -3378      -5178 -1.346e+04  1.887e+04 -6.005e+04 -7.311e+04 -1.957e+05 -1.106e+05 -3.023e+05 -1.289e+05 -1.125e+05 -9.052e+05 -8.298e+06 -2.034e+05 -2.228e+05 -1.682e+05 -1.909e+05 -1.873e+05 -1.489e+04 -8.717e+04  -2.56e+04  3.038e+04  1.274e+04  1.272e+04   2.76e+04    1.1e+04  2.127e+04  1.987e+04   -1.3e+04  6.371e+04   4.64e+04       3966  1.109e+05  4.181e+04  4.451e+04  2.606e+04       3173  3.383e+04  3.121e+04  5.389e+04  4.869e+04  4.323e+04 -6.584e+04  1.607e+04     -299.6   2.53e+04  4.155e+04  4.992e+04     -438.9   6.73e+04       8630  2.032e+04  4.797e+04   4.63e+04
  5.477e+04      -1559  2.247e+04  1.269e+04   3.79e+04       7335  3.295e+04      -7922 -2.285e+04       4201 -1.457e+04      -9338  3.114e+04 -6.801e+04  3.007e+04 -2.811e+04 -6.129e+04  -4.25e+04 -5.943e+04  1.847e+04 -6.154e+04       6696  1.496e+04       9844 -1.106e+04      915.1       3475       2391       3361  -1.21e+04  1.312e+04  4.849e+04  2.251e+04       7361  4.102e+04 -1.771e+05      -3091 -1.141e+04 -8.603e+04 -7.538e+04 -1.092e+05 -7.018e+04 -9.131e+04 -7.216e+04 -6.076e+04 -2.034e+05 -5.154e+06 -2.919e+05  -1.24e+05  -1.87e+05 -8.807e+04 -2.686e+04      -2243 -1.231e+05  2.487e+04       6248  1.706e+04   1.79e+04  3.435e+04  4.162e+04  2.422e+04  2.283e+04  4.141e+04  2.496e+04  2.121e+04  5.342e+04  2.344e+04   3.38e+04  4.696e+04  2.695e+04  1.154e+04   1.28e+04       5491  3.701e+04  4.945e+04   3.67e+04  1.761e+04 -2.225e+04  4.194e+04   4.13e+04  3.374e+04 -2.707e+04  7.254e+04  3.448e+04  2.724e+04  3.312e+04  3.861e+04
  1.829e+04      -5352   -2.4e+04       3144  2.678e+04  -4.23e+04   2.45e+04 -4.207e+04  -6.72e+04 -1.906e+04 -2.222e+04      -2662 -2.464e+04  1.596e+04  6.081e+04       9133   6.88e+04 -5.668e+04   3.79e+04  4.539e+04     -432.4 -2.928e+04      -1339       1179      -2746      -2168      -5013       8712 -2.459e+04      -3641  3.738e+04       1529  1.439e+04     -462.1  1.174e+04 -1.264e+04       9173      -2091  -1.77e+04 -9.927e+04 -7.689e+04 -2.577e+05 -1.569e+05 -7.626e+04 -1.712e+05 -2.228e+05 -2.919e+05  -7.61e+06 -1.137e+05 -1.366e+05 -8.292e+04 -5.394e+04 -3.667e+04       3679  1.022e+04  1.509e+04  1.553e+04  2.895e+04  3.981e+04  1.594e+04  5.558e+04       8674  1.625e+04   3.57e+04       7773 -1.966e+05  1.652e+04  1.249e+04  5.097e+04  7.215e+04  4.419e+04  5.213e+04  4.676e+04  3.302e+04  6.956e+04  4.526e+04 -8.546e+04 -1.348e+05 -2.504e+04  7.182e+04  5.021e+04      -2886  3.745e+04  1.665e+04  3.805e+04  3.592e+04  4.579e+04
  4.549e+04 -4.623e+04  2.078e+04       1412 -1.534e+04  6.427e+04 -2.511e+04       5278  3.735e+04 -2.635e+04       4736  2.224e+04  1.184e+04 -6.808e+04  1.602e+04  5.201e+04  1.453e+04  4.303e+04  7.761e+04  4.003e+04 -6.706e+04  2.341e+04 -2.659e+04 -4.006e+04  3.796e+04  1.806e+04 -2.152e+04  2.795e+04 -1.315e+04       4182 -3.426e+04       7603 -3.688e+04 -1.212e+04  3.101e+04 -2.471e+04   5.94e+04 -6.014e+04 -1.113e+05 -7.152e+04 -1.547e+05 -1.695e+05 -6.256e+04 -1.041e+05 -3.165e+05 -1.682e+05  -1.24e+05 -1.137e+05 -1.341e+07 -9.458e+05 -9.468e+04 -4.053e+04      -3507  5.429e+04  3.508e+04  2.635e+04  2.707e+04   3.83e+04  6.405e+04  4.183e+04  3.871e+04  2.026e+04  3.656e+04 -1.849e+04 -4.029e+04 -6.734e+04  2.611e+04  3.826e+04      -2009  -1.84e+04       8946  7.369e+04    5.4e+04 -1.356e+04       4359 -2.966e+04  9.803e+04 -2.762e+04  6.121e+04 -2.103e+04  2.035e+04 -8.786e+04  2.826e+04     -828.6  2.297e+04  2.192e+04       7803
  2.062e+04     -427.2  1.709e+04       8879  3.234e+04     -608.8       9201  5.028e+04 -3.807e+04      -2257  2.039e+04       8893  3.387e+04       2604      -2619  5.815e+04 -1.156e+04 -2.888e+04  7.461e+04 -1.374e+04  -3.26e+04 -5.885e+04 -6.794e+04      -2561  5.327e+04  4.116e+04 -3.215e+04  1.603e+04  3.633e+04      -7486 -5.215e+04  2.482e+04      780.8      -3063   4.71e+04  4.216e+04  2.908e+04 -1.378e+04 -1.036e+05 -1.471e+05 -1.405e+05 -2.607e+05  -7.29e+04 -1.001e+05 -1.889e+05 -1.909e+05  -1.87e+05 -1.366e+05 -9.458e+05 -1.326e+07 -1.052e+05 -3.506e+04   7.64e+04 -2.207e+04  1.668e+04  3.813e+04      -5564       7655   1.36e+04  1.048e+04  5.055e+04  1.687e+04  3.736e+04  7.863e+04  6.481e+04  1.704e+05  3.527e+04  3.927e+04       3412       9571 -1.074e+04  1.329e+04      -6048  5.448e+04  9.828e+04  3.055e+04  9.439e+04  1.329e+04 -3.886e+04  1.475e+04 -1.371e+04  3.943e+04 -2.803e+04  2.213e+04  3.997e+04  5.702e+04  4.677e+04
  1.944e+04  2.072e+04  1.659e+04  1.153e+04  1.233e+04      -1576 -2.259e+04 -1.485e+04 -5.388e+04 -1.646e+04       7827  1.719e+04       3764      -6285      -3047  3.407e+04 -3.013e+04  1.056e+04      -3473  1.402e+04  3.225e+04 -1.249e+04       3668       7519      -8420     -403.8  1.535e+04  2.175e+04       7571 -1.591e+04      -6526       9010  1.271e+04       6277  2.094e+04      -9957       2702       5870 -7.395e+04 -6.861e+04 -6.494e+04 -1.206e+05 -1.286e+05  -9.01e+04 -1.463e+05 -1.873e+05 -8.807e+04 -8.292e+04 -9.468e+04 -1.052e+05 -2.709e+06 -2.215e+04  2.529e+04       8114  2.084e+04  1.893e+04  1.822e+04       4912       9093       3547  1.002e+04  1.576e+04  3.547e+04  2.052e+04 -3.446e+04  3.634e+04  3.381e+04  3.454e+04    4.1e+04  3.688e+04  3.052e+04   4.92e+04  4.682e+04      -3652  5.138e+04   -2.8e+04  2.749e+04  2.705e+04  3.041e+04  1.282e+04  1.706e+04       8740  3.455e+04  2.617e+04  2.326e+04  1.986e+04  2.969e+04
  3.541e+04 -2.416e+04      -1472  1.343e+04  1.752e+04  1.242e+04   1.76e+04 -4.385e+04 -3.669e+04 -3.197e+04      -8878       3221      -6608      -2705       2575  1.532e+04 -2.159e+04       9906 -1.852e+04   1.29e+04 -3.176e+04 -2.899e+04       4751      -9514       4087  1.054e+04      -2139  1.971e+04       7050       2628       9901  1.055e+04       7083  2.028e+04  2.974e+04  1.435e+04  4.603e+04 -2.752e+04 -1.384e+05 -3.504e+04   -1.9e+04 -8.327e+04   -5.8e+04 -4.434e+04 -2.455e+04 -1.489e+04 -2.686e+04 -5.394e+04 -4.053e+04 -3.506e+04 -2.215e+04 -1.616e+06      -4280       7698  2.418e+04  1.109e+04  2.255e+04  2.891e+04  4.212e+04  1.012e+04  1.837e+04       5245      -3206  2.323e+04  6.302e+04 -4.239e+04  2.928e+04   2.46e+04  2.466e+04  2.115e+04  1.918e+04  3.059e+04  1.898e+04  4.315e+04  4.326e+04  3.999e+04  1.192e+04      -3262  1.462e+04  4.585e+04  3.053e+04    1.7e+04  5.287e+04  2.304e+04  2.173e+04  2.321e+04  3.954e+04
 -3.204e+05 -1.197e+06 -1.361e+04  3.373e+04  2.701e+04  7.215e+04  8.868e+04 -2.054e+05 -1.498e+05 -1.871e+04 -3.705e+04  2.523e+04 -1.995e+04  3.651e+04  5.005e+04  5.736e+04 -6.067e+04 -1.765e+04 -1.185e+04 -6.274e+04 -8.379e+04 -8.829e+04 -1.168e+05  -4.94e+04      -3516  1.974e+04  1.282e+04      -6082 -3.717e+04  4.994e+04  3.677e+04  1.232e+04       2675  3.294e+04  1.681e+04       8403   1.09e+05 -3.358e+04 -5.912e+04 -1.544e+04       2632  -5.18e+04       6460  5.718e+04 -2.237e+04 -8.717e+04      -2243 -3.667e+04      -3507   7.64e+04  2.529e+04      -4280 -2.462e+07 -1.512e+06 -1.444e+05 -2.082e+05       4809 -4.164e+04 -1.878e+05 -6.478e+04 -1.002e+05  2.772e+04 -1.045e+05  2.232e+04  1.265e+05  9.866e+04  -3.42e+05       8699 -3.308e+04 -3.961e+04   2.19e+04  4.201e+04      -6609       2464  2.295e+04  3.858e+04      -7819 -3.576e+04       7619  7.122e+04  7.063e+04       9540  8.298e+04 -5.979e+04 -2.623e+04  1.557e+04  1.053e+04
 -4.615e+04 -2.462e+05      -1257   1.16e+04  1.026e+04      -8455  3.105e+04 -1.106e+05 -3.339e+04 -3.872e+04 -6.031e+04 -1.073e+04       4764 -1.005e+05  1.739e+04  4.916e+04       8387  1.543e+04  1.751e+04      -4059  3.615e+04 -7.485e+04 -3.629e+04 -4.493e+04      -8485      -4497 -3.604e+04 -1.445e+04 -1.432e+04   2.89e+04  6.281e+04  1.628e+04       9827      -1755   -3.1e+04 -2.008e+05  9.076e+04 -2.138e+04       2421  1.277e+04  4.913e+04  5.835e+04  2.144e+04  3.253e+04   2.69e+04  -2.56e+04 -1.231e+05       3679  5.429e+04 -2.207e+04       8114       7698 -1.512e+06 -5.755e+06 -3.274e+05 -4.369e+05  2.631e+04 -4.783e+04 -7.865e+04  2.248e+04  2.503e+04 -2.022e+04  3.353e+04   7.14e+04  3.647e+04  1.191e+05  1.151e+04  1.822e+04  1.246e+04       2653      -3786  1.884e+04 -1.634e+04  3.977e+04       2096  2.208e+04  1.266e+04      -9887  3.754e+04  -1.27e+04  8.583e+04      -1253 -1.297e+04      -2388 -1.038e+04  2.388e+04  1.488e+04
       7043 -3.953e+04       9006  1.446e+04  2.319e+04       7927  2.047e+04 -3.221e+04 -1.557e+04       1735      171.3  1.341e+04       9103   1.45e+04  1.912e+04  2.282e+04     -865.9  1.754e+04  2.262e+04 -3.177e+04       2152 -3.594e+04      -1771       2015   1.37e+04  1.598e+04   1.29e+04  1.234e+04       9341  1.186e+04       7234  1.826e+04  1.596e+04  1.403e+04  1.989e+04    1.8e+04  3.546e+04       4540  1.657e+04  2.599e+04  3.967e+04  6.343e+04  2.875e+04   2.31e+04  1.676e+04  3.038e+04  2.487e+04  1.022e+04  3.508e+04  1.668e+04  2.084e+04  2.418e+04 -1.444e+05 -3.274e+05 -6.278e+05  2.601e+04  1.424e+04  1.401e+04  1.032e+04       2940       8847   1.85e+04  1.654e+04  3.034e+04  2.405e+04       6473  1.181e+04  2.154e+04      2e+04  1.752e+04  1.095e+04  2.105e+04  1.749e+04  3.043e+04  1.193e+04   2.11e+04       3565       4155       9888       5610   4.29e+04  2.367e+04   1.39e+04       9301   1.02e+04  2.305e+04  2.377e+04
      -6806 -4.319e+04       3534  1.649e+04       8738  3.654e+04   2.32e+04 -1.614e+04 -1.498e+04 -1.274e+04   1.28e+04       7547       9573       7496  1.742e+04  3.745e+04  3.136e+04  2.791e+04   2.87e+04  4.867e+04  3.353e+04 -2.394e+04      -5922      -6711       9066  1.397e+04 -1.214e+04       9985       9655   1.51e+04  2.913e+04  1.332e+04       9545  2.915e+04       8863 -1.287e+04  3.939e+04      -4888  1.099e+04  1.292e+04  2.595e+04   3.53e+04  1.908e+04  2.686e+04  2.762e+04  1.274e+04       6248  1.509e+04  2.635e+04  3.813e+04  1.893e+04  1.109e+04 -2.082e+05 -4.369e+05  2.601e+04 -8.171e+05       1023  -8.16e+04 -1.762e+04       3250       5885      -6002       9502       9256      -1256  6.443e+04       2378   1.47e+04       5898  1.188e+04       9045  2.131e+04  1.252e+04  1.058e+04  2.125e+04  2.197e+04  2.396e+04  -1.03e+04  2.211e+04  1.555e+04  2.895e+04      -8884  2.397e+04       4552       1229   1.68e+04  1.447e+04
  1.741e+04  3.988e+04       2973  3.198e+04  2.471e+04  2.348e+04  2.429e+04       7381       -526 -1.333e+04  1.166e+04  1.894e+04  3.306e+04  1.281e+04       2591       6838       7626       5365  1.705e+04 -1.121e+04   1.26e+04 -3.825e+04  1.092e+04       2236       5027      -3672  2.348e+04  1.271e+04  2.546e+04  1.642e+04  4.668e+04  3.651e+04  2.887e+04  2.018e+04  2.887e+04  4.376e+04   3.94e+04  2.024e+04  2.237e+04   1.14e+04  3.435e+04  3.343e+04  2.855e+04  2.601e+04       1460  1.272e+04  1.706e+04  1.553e+04  2.707e+04      -5564  1.822e+04  2.255e+04       4809  2.631e+04  1.424e+04       1023 -1.472e+06 -2.645e+05 -8.875e+04 -3.778e+04 -3.193e+04 -1.544e+04 -5.374e+04 -2.669e+04     -294.1 -7.358e+04  2.099e+04   2.99e+04  1.717e+04  2.965e+04  1.302e+04  2.529e+04  2.353e+04  1.091e+04  3.373e+04  1.967e+04  2.881e+04       7789  1.626e+04  2.137e+04  2.593e+04  2.665e+04  1.845e+04  1.477e+04  2.027e+04  2.508e+04  3.026e+04
  1.743e+04  1.759e+04  1.933e+04  1.877e+04  1.011e+04  2.038e+04  2.855e+04 -1.277e+04   -1.3e+04      -4801  1.197e+04  1.631e+04  1.773e+04  3.852e+04  3.594e+04       7114   7.95e+04       7654  1.049e+04  5.034e+04       5464 -8.458e+04      -2875      -5661       3747  2.725e+04  1.988e+04   2.24e+04  2.273e+04  1.923e+04      -6568  2.058e+04  2.379e+04  2.666e+04  1.859e+04  1.874e+04  1.084e+04  1.815e+04  1.769e+04       7914  3.068e+04 -1.573e+04  1.531e+04  3.534e+04  2.574e+04   2.76e+04   1.79e+04  2.895e+04   3.83e+04       7655       4912  2.891e+04 -4.164e+04 -4.783e+04  1.401e+04  -8.16e+04 -2.645e+05 -2.161e+06 -2.074e+05 -5.751e+04 -8.205e+04 -6.829e+04 -4.303e+04 -8.282e+04 -1.441e+05 -2.775e+04  2.366e+04  2.389e+04  1.506e+04  1.375e+04       5956   3.61e+04   2.97e+04      -3265  1.867e+04  2.325e+04   3.02e+04      -2078  2.144e+04  1.733e+04  2.577e+04  3.318e+04  4.097e+04  1.688e+04  1.165e+04  2.389e+04  3.211e+04
       3415  5.964e+04  1.859e+04  5.488e+04  1.475e+04  -9.14e+04 -9.294e+04 -4.033e+04  1.176e+04 -1.701e+04       7718  1.646e+04       3102       8242  2.636e+04  3.624e+04  1.722e+04  4.137e+04  1.433e+04  -1.06e+05 -2.469e+04  2.156e+04  1.531e+04  1.205e+04  3.319e+04 -3.486e+04       4276  3.847e+04  2.235e+04      -1483 -4.193e+04 -5.707e+04  1.886e+04  4.127e+04      -1845 -2.616e+04  4.017e+04 -1.893e+04  2.492e+04  1.538e+04  1.685e+04   1.02e+05  4.625e+04  6.794e+04     -415.3    1.1e+04  3.435e+04  3.981e+04  6.405e+04   1.36e+04       9093  4.212e+04 -1.878e+05 -7.865e+04  1.032e+04 -1.762e+04 -8.875e+04 -2.074e+05 -1.457e+07 -3.555e+05 -3.974e+05 -1.393e+06  -1.14e+05 -1.111e+05 -1.324e+05 -1.156e+05  2.899e+04  1.455e+04  1.858e+04  3.508e+04       5070 -4.731e+04   1.94e+04 -3.173e+04  7.356e+04 -3.188e+04   1.12e+04   7.56e+04  4.822e+04 -1.562e+04  1.138e+05  3.403e+04   4.34e+04       3159  1.203e+04  1.589e+04     -478.5
       5523  3.332e+04       5814       7104  2.162e+04   2.46e+04       7012  1.001e+04 -3.149e+04 -1.538e+04      969.1  2.326e+04  1.083e+04  2.678e+04       6362  4.885e+04  2.047e+04  1.016e+04       4792 -5.203e+04  5.829e+04   3.62e+04  1.768e+04       9325      -3617       3077  2.903e+04       9174  1.878e+04  1.397e+04       9999  1.101e+04  5.257e+04  3.343e+04  1.645e+04  3.888e+04 -1.727e+04      -6373  1.997e+04      -8749  4.013e+04  4.792e+04  2.813e+04  4.775e+04  2.777e+04  2.127e+04  4.162e+04  1.594e+04  4.183e+04  1.048e+04       3547  1.012e+04 -6.478e+04  2.248e+04       2940       3250 -3.778e+04 -5.751e+04 -3.555e+05 -4.159e+06 -2.067e+05 -1.102e+05 -1.237e+05 -1.802e+05 -1.803e+05 -1.179e+05  2.195e+04  1.657e+04  2.387e+04      -3459       6569  1.835e+04  4.017e+04  3.905e+04       3692  -2.94e+04      36.72  3.854e+04      -2146       8335  1.284e+04   2.55e+04  3.055e+04  1.776e+04  1.794e+04     -993.9   1.77e+04
  4.412e+04   1.45e+04  1.754e+04    2.6e+04  2.372e+04      -8698       1409       6745  3.459e+04  1.183e+04  1.728e+04  4.094e+04  1.024e+04  3.561e+04   6.13e+04  1.586e+04  1.889e+04       3018      -4613 -2.005e+04      -2636 -3.802e+04  3.346e+04  1.945e+04  1.718e+04   1.66e+04  3.333e+04  1.129e+04  1.074e+04  1.491e+04  4.682e+04       4702  2.246e+04       9627  3.236e+04   4.28e+04  3.319e+04   2.95e+04  3.592e+04  2.539e+04  2.081e+04 -3.079e+04   3.44e+04  2.166e+04  4.919e+04  1.987e+04  2.422e+04  5.558e+04  3.871e+04  5.055e+04  1.002e+04  1.837e+04 -1.002e+05  2.503e+04       8847       5885 -3.193e+04 -8.205e+04 -3.974e+05 -2.067e+05 -4.269e+06 -1.502e+05 -1.626e+05 -1.669e+05 -1.287e+05 -1.474e+05  2.201e+04  2.854e+04  4.412e+04       5662  2.313e+04   2.83e+04  3.231e+04  3.798e+04  4.168e+04  6.208e+04  3.654e+04  2.883e+04       8439 -1.068e+04   3.25e+04      -7078      -3428  1.345e+04  2.046e+04       4526       3800
  2.296e+04       8494      -9377  2.711e+04  1.656e+04  1.488e+04  3.906e+04 -1.622e+04  1.594e+04 -1.617e+04      20.33  1.588e+04  1.043e+04 -1.315e+04 -3.266e+04  2.734e+04 -1.614e+04       7025       9120 -5.258e+04       3915  5.184e+04  4.802e+04      -5150  1.074e+04       7449  4.594e+04   2.31e+04  3.219e+04       9409      793.4       9251  2.954e+04  2.016e+04  2.697e+04 -1.115e+04   3.27e+04      -6228       9060  2.756e+04  4.663e+04  2.557e+04  7.258e+04  1.676e+04       2159   -1.3e+04  2.283e+04       8674  2.026e+04  1.687e+04  1.576e+04       5245  2.772e+04 -2.022e+04   1.85e+04      -6002 -1.544e+04 -6.829e+04 -1.393e+06 -1.102e+05 -1.502e+05 -5.516e+06  -1.49e+05  -1.58e+05  -3.33e+05 -3.087e+05   1.73e+04  3.866e+04  5.521e+04 -5.974e+04  2.853e+04      -2838  6.167e+04       4473   4.34e+04 -2.724e+04  4.209e+04       7147  3.689e+04  1.791e+04  4.593e+04   7.86e+04  6.264e+04    2.4e+04  2.142e+04      -4970  1.553e+04
  2.858e+04  3.938e+04  4.542e+04  2.897e+04  2.776e+04       7027       2306 -1.279e+04   1.34e+04 -1.171e+04 -1.709e+04  3.635e+04      -3293       2480      -6431  4.353e+04  6.763e+04  2.243e+04      -2862 -3.449e+04  3.523e+04  4.095e+04  5.829e+04  4.184e+04      -3512  3.242e+04  2.983e+04  2.468e+04  1.801e+04  5.396e+04  3.031e+04  2.291e+04  2.648e+04  5.052e+04  9.038e+04 -3.103e+04  3.992e+04  1.893e+04  2.745e+04  8.833e+04  7.128e+04  7.783e+04  4.957e+04  2.344e+04 -4.101e+04  6.371e+04  4.141e+04  1.625e+04  3.656e+04  3.736e+04  3.547e+04      -3206 -1.045e+05  3.353e+04  1.654e+04       9502 -5.374e+04 -4.303e+04  -1.14e+05 -1.237e+05 -1.626e+05  -1.49e+05 -8.426e+06 -6.062e+05 -2.534e+05 -2.881e+05  4.926e+04  2.458e+04  3.994e+04   1.28e+04      -2631  1.165e+04  3.337e+04  3.728e+04  4.359e+04  6.105e+04      -3517  2.153e+04 -2.046e+04  -2.36e+04 -2.125e+04  5.029e+04  5.074e+04  1.071e+04  1.739e+04       3313       7129
  1.372e+04      -1884  2.365e+04  4.357e+04  2.213e+04 -6.108e+04  5.201e+04      -8439      -7664 -3.133e+04  1.503e+04  4.303e+04       2055 -1.586e+04  2.692e+04  7.746e+04  1.016e+05       6059 -8.363e+04 -7.513e+04   4.82e+04 -5.438e+04  5.466e+04       6351  2.806e+04  2.078e+04  4.793e+04  4.259e+04   5.25e+04  1.888e+04  9.322e+04  5.012e+04  1.523e+04  3.621e+04  2.133e+04  5.038e+04  6.953e+04      -6119  3.595e+04  2.292e+04  2.316e+04  -5.28e+04  5.128e+04 -2.585e+04 -4.002e+04   4.64e+04  2.496e+04   3.57e+04 -1.849e+04  7.863e+04  2.052e+04  2.323e+04  2.232e+04   7.14e+04  3.034e+04       9256 -2.669e+04 -8.282e+04 -1.111e+05 -1.802e+05 -1.669e+05  -1.58e+05 -6.062e+05 -8.929e+06 -1.304e+05 -1.523e+05  3.119e+04  5.749e+04  2.685e+04      -1675  3.077e+04   2.24e+04  3.541e+04  3.769e+04 -4.138e+04 -5.619e+04      -8050      -1754 -1.151e+04   6.78e+04  4.167e+04  3.128e+04 -2.292e+04   2.54e+04  2.222e+04       2428   1.99e+04
 -3.315e+04  1.076e+05  1.079e+05  3.515e+04 -1.511e+04       6546  4.386e+04  8.858e+04  3.444e+04  4.942e+04      -9067  2.889e+04      -2302  9.607e+04  3.007e+04 -1.716e+05  1.526e+05 -5.076e+04 -5.496e+04   2.92e+04   2.18e+04  1.583e+04  1.385e+05 -4.947e+04 -2.994e+04 -2.843e+04  1.446e+04  6.296e+04  3.436e+04  6.422e+04  1.254e+05  7.323e+04  9.728e+04  9.523e+04  7.848e+04 -1.556e+05  3.887e+04  2.956e+04 -4.629e+04  2.201e+04  6.026e+04 -8.048e+04      -3633 -1.885e+05 -1.001e+05       3966  2.121e+04       7773 -4.029e+04  6.481e+04 -3.446e+04  6.302e+04  1.265e+05  3.647e+04  2.405e+04      -1256     -294.1 -1.441e+05 -1.324e+05 -1.803e+05 -1.287e+05  -3.33e+05 -2.534e+05 -1.304e+05 -4.225e+07 -3.817e+06  4.645e+04  6.041e+04  1.114e+05  6.056e+04  8.203e+04  2.675e+04  1.491e+05  4.131e+04  9.718e+04  1.949e+05  1.002e+05  1.125e+04       5557  1.715e+04  6.469e+04  7.519e+04  5.345e+04  2.679e+04  3.954e+04      -6845  2.487e+04
       8275  7.974e+04  9.086e+04 -3.486e+04  6.235e+04  4.183e+04  6.372e+04  1.031e+05 -1.166e+05 -3.835e+04   2.21e+04  3.902e+04    2.6e+04  1.389e+04      -6485  1.374e+04 -2.122e+04  2.636e+04 -4.848e+04      -9805  1.767e+04  1.128e+05  5.689e+04  2.012e+04      -9220   5.06e+04       3445  2.993e+04   4.29e+04  2.127e+04  8.577e+04  4.615e+04  3.605e+04  3.188e+04 -8.532e+04 -1.403e+05 -3.775e+04   5.21e+04  1.029e+05       6635  7.551e+04  -4.46e+04      385.6  4.751e+04  7.965e+04  1.109e+05  5.342e+04 -1.966e+05 -6.734e+04  1.704e+05  3.634e+04 -4.239e+04  9.866e+04  1.191e+05       6473  6.443e+04 -7.358e+04 -2.775e+04 -1.156e+05 -1.179e+05 -1.474e+05 -3.087e+05 -2.881e+05 -1.523e+05 -3.817e+06 -4.986e+07      -5088  2.501e+04   1.07e+05      -5961  3.144e+04 -1.302e+04  1.467e+05   1.28e+05  9.473e+04  1.861e+05  6.842e+04  7.507e+04  8.701e+04 -2.243e+04  4.801e+04 -3.183e+04  4.264e+04  3.011e+04  4.835e+04  2.597e+04  2.128e+04
 -2.651e+04 -7.352e+04 -2.276e+04       9477  1.458e+04  1.217e+04       2444 -2.872e+04 -2.229e+04       5239   1.11e+04  1.746e+04  2.016e+04  2.868e+04  1.716e+04  4.245e+04  3.683e+04  2.793e+04  3.229e+04  4.672e+04  2.481e+04 -1.084e+04      -5551       5299  1.383e+04  2.659e+04 -1.325e+04       7807      625.4  1.338e+04  2.192e+04  2.036e+04  1.059e+04  2.608e+04  1.898e+04  2.879e+04  4.398e+04  1.822e+04  3.164e+04  3.164e+04  1.861e+04  4.767e+04  3.057e+04  3.427e+04  1.226e+04  4.181e+04  2.344e+04  1.652e+04  2.611e+04  3.527e+04  3.381e+04  2.928e+04  -3.42e+05  1.151e+04  1.181e+04       2378  2.099e+04  2.366e+04  2.899e+04  2.195e+04  2.201e+04   1.73e+04  4.926e+04  3.119e+04  4.645e+04      -5088  -9.08e+05       3417 -9.463e+04 -2.984e+04 -2.163e+04      -3326 -1.941e+04 -1.051e+04 -3.385e+04  -4.17e+04  -4.91e+04 -3.897e+04       9696     -773.4  -1.54e+04 -1.285e+04 -2.008e+04      -2970     -444.6  1.625e+04       4393
       7865       6490  1.442e+04  2.292e+04  1.898e+04  1.914e+04  3.069e+04        553  2.133e+04  3.451e+04   2.34e+04   3.53e+04  2.863e+04  3.122e+04  1.214e+04  2.277e+04   2.12e+04  1.551e+04  3.042e+04  3.277e+04  3.899e+04 -1.087e+04  1.989e+04  2.798e+04  2.637e+04   2.82e+04  1.788e+04  2.785e+04  3.512e+04  2.508e+04  2.375e+04  2.553e+04   2.26e+04  2.137e+04       7841  4.642e+04  2.338e+04  3.526e+04  2.157e+04  3.253e+04  1.133e+04       8273  4.314e+04  2.976e+04  2.696e+04  4.451e+04   3.38e+04  1.249e+04  3.826e+04  3.927e+04  3.454e+04   2.46e+04       8699  1.822e+04  2.154e+04   1.47e+04   2.99e+04  2.389e+04  1.455e+04  1.657e+04  2.854e+04  3.866e+04  2.458e+04  5.749e+04  6.041e+04  2.501e+04       3417 -1.588e+06 -3.166e+05 -6.201e+04 -1.649e+04 -2.326e+04 -6.395e+04 -3.251e+04 -3.907e+04  1.941e+04 -2.838e+04 -1.983e+04 -3.862e+04 -1.114e+04      -1301 -3.118e+04      -5709  1.654e+04  1.598e+04  2.281e+04  1.218e+04
      601.5 -2.123e+04 -1.497e+04  1.009e+04  3.696e+04  3.343e+04  4.741e+04 -1.725e+04      -4137  2.465e+04  3.497e+04  1.649e+04  2.545e+04  2.795e+04  2.305e+04  4.381e+04 -1.477e+04      982.7   1.58e+04  4.624e+04  3.915e+04  2.242e+04  1.724e+04  2.563e+04  2.683e+04  3.872e+04  3.735e+04  2.038e+04  3.847e+04  3.391e+04  3.629e+04  3.247e+04  3.088e+04   3.33e+04  2.462e+04  4.236e+04  1.986e+04  4.231e+04   1.58e+04  6.698e+04      -3976  2.264e+04  7.231e+04  4.387e+04  1.759e+04  2.606e+04  4.696e+04  5.097e+04      -2009       3412    4.1e+04  2.466e+04 -3.308e+04  1.246e+04      2e+04       5898  1.717e+04  1.506e+04  1.858e+04  2.387e+04  4.412e+04  5.521e+04  3.994e+04  2.685e+04  1.114e+05   1.07e+05 -9.463e+04 -3.166e+05 -3.006e+06 -1.263e+05 -6.178e+04 -3.967e+04 -2.207e+05 -5.847e+04 -1.002e+05  -1.27e+05 -9.763e+04 -1.283e+05 -7.802e+04 -4.902e+04 -5.941e+04  -1.11e+05 -9.397e+04  1.088e+04       8788  1.191e+04       9071
  -6.88e+04 -4.912e+04  4.623e+04  3.781e+04  1.861e+04  1.212e+04  3.147e+04  4.761e+04  1.267e+04  2.106e+04  3.984e+04  3.493e+04  3.018e+04  1.622e+04      -1128  2.167e+04  6.264e+04  4.136e+04      -6731  5.394e+04  6.196e+04      354.8  1.333e+04  2.078e+04  1.991e+04       4695  2.818e+04      225.1  1.541e+04  3.868e+04 -5.587e+04  3.014e+04   3.12e+04       9921  3.865e+04  3.449e+04  2.433e+04  1.712e+04  1.037e+04  5.044e+04  7.846e+04   5.88e+04  1.886e+04  2.889e+04  3.539e+04       3173  2.695e+04  7.215e+04  -1.84e+04       9571  3.688e+04  2.115e+04 -3.961e+04       2653  1.752e+04  1.188e+04  2.965e+04  1.375e+04  3.508e+04      -3459       5662 -5.974e+04   1.28e+04      -1675  6.056e+04      -5961 -2.984e+04 -6.201e+04 -1.263e+05 -6.998e+06 -2.684e+05   -3.9e+05 -9.244e+05 -6.688e+04 -2.222e+04 -7.127e+04  -9.58e+04 -8.709e+04 -1.192e+05 -9.577e+04 -1.285e+05 -9.562e+04   1.37e+04       2344  1.014e+04       6778       2869
       7687       5717       7813       6670  2.993e+04  2.814e+04  1.611e+04  4.451e+04     -191.7       2581  1.993e+04  1.778e+04       6330  1.772e+04  2.016e+04  4.302e+04  5.617e+04  4.061e+04  4.507e+04  4.827e+04  2.578e+04      -1899   2.44e+04  2.763e+04       9143       9490  1.744e+04       9966  3.958e+04  3.917e+04   4.79e+04  3.593e+04  1.189e+04  2.943e+04  1.703e+04  2.358e+04  5.588e+04  1.419e+04  2.645e+04  2.064e+04  3.736e+04  5.422e+04  2.713e+04  1.682e+04      -3083  3.383e+04  1.154e+04  4.419e+04       8946 -1.074e+04  3.052e+04  1.918e+04   2.19e+04      -3786  1.095e+04       9045  1.302e+04       5956       5070       6569  2.313e+04  2.853e+04      -2631  3.077e+04  8.203e+04  3.144e+04 -2.163e+04 -1.649e+04 -6.178e+04 -2.684e+05 -2.898e+06 -8.417e+04 -9.782e+04 -7.743e+04   -6.4e+04 -1.518e+05 -9.396e+04 -8.974e+04 -1.074e+05 -8.232e+04  -6.38e+04  -1.23e+05 -1.524e+05       5248  1.883e+04  1.765e+04  1.252e+04
    4.1e+04  2.199e+04  4.822e+04  4.186e+04  3.479e+04  1.327e+04       1248   4.97e+04       8577  4.155e+04   3.61e+04  1.662e+04  2.854e+04  3.695e+04  1.863e+04  4.343e+04   3.49e+04  4.214e+04  3.818e+04  5.426e+04  6.789e+04  2.387e+04  4.533e+04  1.759e+04  2.005e+04  1.604e+04   3.61e+04  1.929e+04  2.778e+04       4736  5.118e+04  2.045e+04  2.226e+04  2.805e+04   4.66e+04  3.259e+04  1.976e+04  3.288e+04  2.835e+04  5.685e+04  3.433e+04  4.211e+04  2.846e+04  4.059e+04  5.493e+04  3.121e+04   1.28e+04  5.213e+04  7.369e+04  1.329e+04   4.92e+04  3.059e+04  4.201e+04  1.884e+04  2.105e+04  2.131e+04  2.529e+04   3.61e+04 -4.731e+04  1.835e+04   2.83e+04      -2838  1.165e+04   2.24e+04  2.675e+04 -1.302e+04      -3326 -2.326e+04 -3.967e+04   -3.9e+05 -8.417e+04 -2.655e+06 -1.129e+05 -6.975e+04 -7.507e+04 -1.235e+05 -4.574e+04 -8.023e+04 -9.752e+04 -2.836e+04 -6.734e+04 -6.814e+04 -6.302e+04  2.225e+04  2.068e+04  1.531e+04      -5578
 -1.306e+04  1.701e+04  3.279e+04  1.125e+04   3.81e+04  4.242e+04  3.003e+04  1.961e+04 -1.045e+04  1.992e+04  4.726e+04      -1438       9776  4.085e+04  2.893e+04  5.839e+04       1004  7.068e+04  3.959e+04  6.979e+04  7.441e+04       8918  2.356e+04  3.175e+04      97.06  1.126e+04  1.363e+04  2.992e+04  3.414e+04      608.6 -1.008e+04  1.872e+04  2.736e+04  3.687e+04  4.683e+04  5.164e+04  3.222e+04   2.53e+04  7.119e+04      -6080  3.393e+04  1.129e+05  4.904e+04  2.691e+04      -1600  5.389e+04       5491  4.676e+04    5.4e+04      -6048  4.682e+04  1.898e+04      -6609 -1.634e+04  1.749e+04  1.252e+04  2.353e+04   2.97e+04   1.94e+04  4.017e+04  3.231e+04  6.167e+04  3.337e+04  3.541e+04  1.491e+05  1.467e+05 -1.941e+04 -6.395e+04 -2.207e+05 -9.244e+05 -9.782e+04 -1.129e+05 -7.045e+06 -1.743e+05 -7.256e+04 -9.437e+04 -1.964e+05 -2.187e+05 -2.627e+05 -1.031e+05 -1.276e+05 -9.004e+04 -1.182e+05       1666       4868  1.821e+04  2.937e+04
  2.441e+04      -4970  3.174e+04  2.829e+04   1.36e+04 -2.112e+04 -3.262e+04  5.268e+04 -4.426e+04       6376  2.011e+04  4.021e+04      9.976       1120 -1.405e+04  3.539e+04 -3.343e+04  2.904e+04      -4804  4.088e+04  3.674e+04  1.581e+04  1.752e+04  5.019e+04  2.627e+04  3.096e+04  2.656e+04  3.699e+04  3.087e+04  2.812e+04  4.828e+04   1.62e+04  2.639e+04   2.75e+04  1.712e+04  6.459e+04   3.47e+04  2.346e+04  2.601e+04  4.756e+04  2.806e+04       4874       2812  8.102e+04     -806.8  4.869e+04  3.701e+04  3.302e+04 -1.356e+04  5.448e+04      -3652  4.315e+04       2464  3.977e+04  3.043e+04  1.058e+04  1.091e+04      -3265 -3.173e+04  3.905e+04  3.798e+04       4473  3.728e+04  3.769e+04  4.131e+04   1.28e+05 -1.051e+04 -3.251e+04 -5.847e+04 -6.688e+04 -7.743e+04 -6.975e+04 -1.743e+05 -5.178e+06 -1.359e+05 -2.068e+05 -2.074e+05 -1.984e+05 -3.849e+05 -7.863e+04 -1.098e+05 -6.767e+04 -7.422e+04  2.586e+04       8549  2.413e+04  1.043e+04
  4.961e+04  7.396e+04  3.794e+04  3.159e+04  2.227e+04  1.491e+04  -2.64e+04       6479       2454      -2287  1.728e+04   1.53e+04  3.096e+04       7101  4.604e+04  3.611e+04  7.245e+04  4.946e+04 -3.224e+04      -8210 -3.603e+04   6.92e+04  4.761e+04  1.008e+04   1.92e+04  1.012e+04  6.195e+04       7905  4.106e+04      -9792  6.068e+04  4.128e+04  1.802e+04  3.865e+04       9568 -4.785e+04       4221  2.791e+04   3.35e+04  2.108e+04  3.018e+04  7.082e+04  3.374e+04  6.638e+04   8.01e+04  4.323e+04  4.945e+04  6.956e+04       4359  9.828e+04  5.138e+04  4.326e+04  2.295e+04       2096  1.193e+04  2.125e+04  3.373e+04  1.867e+04  7.356e+04       3692  4.168e+04   4.34e+04  4.359e+04 -4.138e+04  9.718e+04  9.473e+04 -3.385e+04 -3.907e+04 -1.002e+05 -2.222e+04   -6.4e+04 -7.507e+04 -7.256e+04 -1.359e+05 -9.184e+06 -1.034e+06 -2.471e+05 -2.262e+05 -1.063e+05 -8.319e+04 -9.977e+04 -2.576e+05  -2.29e+05  2.301e+04  1.924e+04       9478  1.806e+04
 -1.565e+04 -3.271e+04       7837  4.105e+04  1.039e+04 -1.337e+05 -1.733e+04 -2.718e+04  1.348e+05  5.347e+04  4.568e+04  1.048e+04 -5.427e+04  1.065e+04 -2.871e+04      -2234 -1.088e+05   2.43e+04  5.512e+04  8.274e+04  2.775e+04 -1.254e+05 -2.795e+04       8294  1.239e+04  3.164e+04      -1414  4.181e+04  1.017e+04  1.948e+04  3.326e+04  1.892e+04  2.779e+04  4.152e+04  3.378e+04  1.029e+05  4.191e+04  1.367e+04  7.916e+04  2.276e+04    7.4e+04  1.454e+05  1.636e+04  2.359e+04  2.755e+04 -6.584e+04   3.67e+04  4.526e+04 -2.966e+04  3.055e+04   -2.8e+04  3.999e+04  3.858e+04  2.208e+04   2.11e+04  2.197e+04  1.967e+04  2.325e+04 -3.188e+04  -2.94e+04  6.208e+04 -2.724e+04  6.105e+04 -5.619e+04  1.949e+05  1.861e+05  -4.17e+04  1.941e+04  -1.27e+05 -7.127e+04 -1.518e+05 -1.235e+05 -9.437e+04 -2.068e+05 -1.034e+06 -2.214e+07 -2.247e+05 -2.728e+05 -1.587e+05 -3.249e+05  -2.39e+05 -1.527e+05       7752  3.398e+04  1.574e+04       7431 -4.123e+04
  3.453e+04  1.755e+04  2.071e+04  1.576e+04  3.747e+04 -5.974e+04 -5.825e+04      -5232   2.54e+04  -5.41e+04  4.477e+04  2.861e+04  2.884e+04  5.541e+04  4.851e+04       9270   4.39e+04  2.145e+04 -2.049e+04  3.649e+04  5.131e+04  -2.61e+04  4.252e+04   5.78e+04       3301  3.158e+04  4.879e+04  1.326e+04       9421  1.354e+04  1.734e+04   1.13e+04  1.957e+04  3.204e+04      303.2  1.147e+04  5.219e+04  2.132e+04 -3.836e+04  1.999e+04  2.072e+04 -5.927e+04  5.895e+04 -2.305e+04 -3.215e+04  1.607e+04  1.761e+04 -8.546e+04  9.803e+04  9.439e+04  2.749e+04  1.192e+04      -7819  1.266e+04       3565  2.396e+04  2.881e+04   3.02e+04   1.12e+04      36.72  3.654e+04  4.209e+04      -3517      -8050  1.002e+05  6.842e+04  -4.91e+04 -2.838e+04 -9.763e+04  -9.58e+04 -9.396e+04 -4.574e+04 -1.964e+05 -2.074e+05 -2.471e+05 -2.247e+05   -1.1e+07 -4.462e+05  -6.06e+04 -1.037e+05 -8.501e+04  -7.04e+04  -1.88e+05  1.382e+04       6647   2.26e+04  1.359e+04
  5.188e+04  3.645e+04 -2.991e+04  4.614e+04      -7460 -1.762e+04  1.246e+04 -3.032e+04 -9.935e+04 -4.632e+04  1.587e+04      -5569       1681  2.453e+04  5.035e+04  4.628e+04       4533   3.53e+04      -6130  6.354e+04  2.784e+04 -2.189e+05 -2.099e+04      -8184  1.264e+04  2.285e+04 -5.061e+04       5247       2240 -1.551e+04 -2.196e+04 -4.415e+04       4314  3.479e+04   3.53e+04  3.735e+04 -2.906e+04       7802 -1.687e+04       6308  2.187e+04 -1.942e+05  6.426e+04 -5.976e+04  5.715e+04     -299.6 -2.225e+04 -1.348e+05 -2.762e+04  1.329e+04  2.705e+04      -3262 -3.576e+04      -9887       4155  -1.03e+04       7789      -2078   7.56e+04  3.854e+04  2.883e+04       7147  2.153e+04      -1754  1.125e+04  7.507e+04 -3.897e+04 -1.983e+04 -1.283e+05 -8.709e+04 -8.974e+04 -8.023e+04 -2.187e+05 -1.984e+05 -2.262e+05 -2.728e+05 -4.462e+05 -1.061e+07 -1.774e+05 -1.427e+05  -1.28e+05  -1.15e+05 -1.051e+05  1.824e+04  2.683e+04  2.339e+04      -4303
  2.936e+04  1.164e+04  3.233e+04  3.546e+04 -1.059e+04  6.436e+04  4.734e+04      -1756  2.339e+04      -9247  2.653e+04  2.083e+04 -1.527e+04       4916 -2.104e+04  4.898e+04  4.379e+04  1.097e+04  4.855e+04   1.91e+04 -3.114e+04  1.731e+04  2.185e+04       4416  2.653e+04  1.314e+04  1.526e+04  3.058e+04  2.624e+04  1.745e+04 -3.813e+04       1507  4.673e+04  3.697e+04  2.938e+04       2472  8.238e+04  4.523e+04  2.145e+04  5.044e+04   6.77e+04 -4.303e+04  1.702e+04  3.045e+04 -1.949e+04   2.53e+04  4.194e+04 -2.504e+04  6.121e+04 -3.886e+04  3.041e+04  1.462e+04       7619  3.754e+04       9888  2.211e+04  1.626e+04  2.144e+04  4.822e+04      -2146       8439  3.689e+04 -2.046e+04 -1.151e+04       5557  8.701e+04       9696 -3.862e+04 -7.802e+04 -1.192e+05 -1.074e+05 -9.752e+04 -2.627e+05 -3.849e+05 -1.063e+05 -1.587e+05  -6.06e+04 -1.774e+05 -7.812e+06 -1.306e+05 -3.428e+05 -5.904e+04 -1.205e+05  2.356e+04  2.093e+04  2.525e+04       7854
  1.553e+04      -3527    1.2e+04  3.487e+04      -6209 -3.246e+04  4.064e+04  1.293e+04  1.407e+04       9663  1.933e+04  1.765e+04  2.955e+04   5.82e+04  7.297e+04       9497 -5.149e+04  2.689e+04  7.509e+04  4.662e+04  3.404e+04  3.769e+04       4248  2.642e+04  1.773e+04 -1.043e+04  2.231e+04  3.345e+04  2.132e+04   1.07e+04  3.947e+04       4714  3.269e+04   2.92e+04       2067  6.019e+04    2.5e+04  2.174e+04  4.604e+04  3.275e+04       8785 -1.161e+05  -1.68e+04  2.671e+04  4.191e+04  4.155e+04   4.13e+04  7.182e+04 -2.103e+04  1.475e+04  1.282e+04  4.585e+04  7.122e+04  -1.27e+04       5610  1.555e+04  2.137e+04  1.733e+04 -1.562e+04       8335 -1.068e+04  1.791e+04  -2.36e+04   6.78e+04  1.715e+04 -2.243e+04     -773.4 -1.114e+04 -4.902e+04 -9.577e+04 -8.232e+04 -2.836e+04 -1.031e+05 -7.863e+04 -8.319e+04 -3.249e+05 -1.037e+05 -1.427e+05 -1.306e+05 -6.515e+06 -4.215e+05 -8.378e+04  -1.15e+05  2.321e+04  2.289e+04  2.102e+04       8342
  5.498e+04  2.308e+04  2.559e+04       6426  3.351e+04  1.221e+04  6.192e+04   2.05e+04  3.315e+04 -3.938e+04  3.542e+04  2.734e+04      -5973   5.98e+04  7.564e+04  6.127e+04  1.067e+05  3.224e+04 -9.119e+04  4.596e+04  2.528e+04  5.473e+04  5.175e+04 -1.149e+04  5.562e+04  2.391e+04  2.553e+04  2.927e+04  7.154e+04  2.901e+04  3.892e+04  3.056e+04  3.865e+04   3.42e+04  1.175e+04 -3.167e+04 -3.161e+04  6.127e+04  1.892e+04   2.12e+04       9871  4.151e+04  2.974e+04      -5668  6.608e+04  4.992e+04  3.374e+04  5.021e+04  2.035e+04 -1.371e+04  1.706e+04  3.053e+04  7.063e+04  8.583e+04   4.29e+04  2.895e+04  2.593e+04  2.577e+04  1.138e+05  1.284e+04   3.25e+04  4.593e+04 -2.125e+04  4.167e+04  6.469e+04  4.801e+04  -1.54e+04      -1301 -5.941e+04 -1.285e+05  -6.38e+04 -6.734e+04 -1.276e+05 -1.098e+05 -9.977e+04  -2.39e+05 -8.501e+04  -1.28e+05 -3.428e+05 -4.215e+05 -9.715e+06 -1.612e+05 -7.008e+04   3.37e+04  1.785e+04       3950  1.563e+04
      -7471 -1.408e+04      -5892  3.883e+04  4.975e+04 -1.342e+04 -8.171e+04  2.538e+04 -2.693e+04  -5.32e+04       4343   3.85e+04  2.487e+04       1641  6.842e+04       3692 -1.507e+05  1.252e+04      -1276  1.424e+05   3.06e+04      -6321 -1.525e+04  1.722e+04  2.922e+04  2.995e+04  1.511e+04  3.586e+04  6.489e+04       6988  5.191e+04  3.063e+04 -2.453e+04  2.594e+04   1.34e+04  7.298e+04       1887  1.423e+04   1.79e+04  6.233e+04  4.748e+04 -1.372e+05       8903     -666.4  2.965e+04     -438.9 -2.707e+04      -2886 -8.786e+04  3.943e+04       8740    1.7e+04       9540      -1253  2.367e+04      -8884  2.665e+04  3.318e+04  3.403e+04   2.55e+04      -7078   7.86e+04  5.029e+04  3.128e+04  7.519e+04 -3.183e+04 -1.285e+04 -3.118e+04  -1.11e+05 -9.562e+04  -1.23e+05 -6.814e+04 -9.004e+04 -6.767e+04 -2.576e+05 -1.527e+05  -7.04e+04  -1.15e+05 -5.904e+04 -8.378e+04 -1.612e+05  -1.57e+07 -7.226e+05  2.363e+04  1.358e+04  4.646e+04       8282
 -1.534e+04  4.384e+04  3.125e+04       6779  5.836e+04  3.965e+04  9.561e+04 -3.721e+04  3.878e+04 -1.641e+04       9497  5.766e+04  3.089e+04  2.145e+04  4.806e+04  8.699e+04  8.639e+04      -8009 -1.011e+04  7.971e+04  -3.44e+04  2.559e+04   8.46e+04  2.066e+04  4.451e+04      -8506  3.525e+04  5.023e+04  7.139e+04 -1.176e+04   6.99e+04  3.056e+04  5.401e+04  1.707e+04  4.335e+04 -1.083e+04 -1.526e+04   4.31e+04  4.795e+04  1.317e+04  2.236e+04 -6.172e+04 -2.813e+04       1432  1.001e+05   6.73e+04  7.254e+04  3.745e+04  2.826e+04 -2.803e+04  3.455e+04  5.287e+04  8.298e+04 -1.297e+04   1.39e+04  2.397e+04  1.845e+04  4.097e+04   4.34e+04  3.055e+04      -3428  6.264e+04  5.074e+04 -2.292e+04  5.345e+04  4.264e+04 -2.008e+04      -5709 -9.397e+04   1.37e+04 -1.524e+05 -6.302e+04 -1.182e+05 -7.422e+04  -2.29e+05       7752  -1.88e+05 -1.051e+05 -1.205e+05  -1.15e+05 -7.008e+04 -7.226e+05 -1.417e+07   2.87e+04  1.564e+04  5.378e+04      -9272
 -4.372e+05 -5.336e+04 -1.269e+04       6501       4452  2.441e+04  2.171e+04 -1.554e+04 -2.671e+04  -1.45e+04  1.269e+04  1.057e+04       2085  2.287e+04  1.255e+04  2.757e+04  2.409e+04  1.734e+04      -2189  1.365e+04  1.044e+04 -4.385e+04 -1.057e+04       6766  1.423e+04  1.763e+04       5270       9202       2393       6511  1.744e+04  1.447e+04  1.864e+04  2.896e+04  1.915e+04  2.596e+04  3.197e+04       2783  2.543e+04  2.644e+04  1.355e+04  2.695e+04  2.183e+04  2.608e+04  1.842e+04       8630  3.448e+04  1.665e+04     -828.6  2.213e+04  2.617e+04  2.304e+04 -5.979e+04      -2388       9301       4552  1.477e+04  1.688e+04       3159  1.776e+04  1.345e+04    2.4e+04  1.071e+04   2.54e+04  2.679e+04  3.011e+04      -2970  1.654e+04  1.088e+04       2344       5248  2.225e+04       1666  2.586e+04  2.301e+04  3.398e+04  1.382e+04  1.824e+04  2.356e+04  2.321e+04   3.37e+04  2.363e+04   2.87e+04 -7.552e+05  2.248e+04  1.311e+04       4833
 -2.744e+05 -2.558e+04       3259  1.653e+04  1.162e+04  1.483e+04       3589       1332       4797       4497  1.666e+04   1.18e+04       7738  1.548e+04  1.192e+04  1.501e+04     -243.4  1.213e+04  2.585e+04  3.275e+04   2.92e+04 -4.351e+04      -8003       6048       9568   1.31e+04      -4626       5965       7672  2.253e+04    1.7e+04  1.907e+04  2.419e+04  2.146e+04  1.838e+04  4.158e+04  3.343e+04       3035  1.734e+04  2.135e+04   3.17e+04  1.605e+04  2.238e+04  2.763e+04   3.14e+04  2.032e+04  2.724e+04  3.805e+04  2.297e+04  3.997e+04  2.326e+04  2.173e+04 -2.623e+04 -1.038e+04   1.02e+04       1229  2.027e+04  1.165e+04  1.203e+04  1.794e+04  2.046e+04  2.142e+04  1.739e+04  2.222e+04  3.954e+04  4.835e+04     -444.6  1.598e+04       8788  1.014e+04  1.883e+04  2.068e+04       4868       8549  1.924e+04  1.574e+04       6647  2.683e+04  2.093e+04  2.289e+04  1.785e+04  1.358e+04  1.564e+04  2.248e+04 -5.509e+05      -7967 -3.101e+04
       2618  1.896e+04  2.405e+04  1.882e+04   2.85e+04  2.684e+04   1.94e+04  1.265e+04  1.624e+04       4791  1.172e+04  2.241e+04  1.773e+04  2.258e+04  1.542e+04  1.109e+04  1.759e+04  2.424e+04  1.164e+04 -1.164e+04  3.638e+04       5440   3.28e+04  2.328e+04  1.825e+04  2.598e+04  2.721e+04  1.851e+04  2.318e+04  3.347e+04  2.772e+04  2.589e+04   2.95e+04  2.012e+04  3.037e+04  4.809e+04  1.337e+04   2.33e+04  2.252e+04  3.014e+04  3.519e+04  2.241e+04  2.562e+04   3.91e+04       5748  4.797e+04  3.312e+04  3.592e+04  2.192e+04  5.702e+04  1.986e+04  2.321e+04  1.557e+04  2.388e+04  2.305e+04   1.68e+04  2.508e+04  2.389e+04  1.589e+04     -993.9       4526      -4970       3313       2428      -6845  2.597e+04  1.625e+04  2.281e+04  1.191e+04       6778  1.765e+04  1.531e+04  1.821e+04  2.413e+04       9478       7431   2.26e+04  2.339e+04  2.525e+04  2.102e+04       3950  4.646e+04  5.378e+04  1.311e+04      -7967 -1.141e+06 -2.042e+05
 -2.588e+04  1.926e+04  1.817e+04   1.16e+04  2.309e+04  3.017e+04  2.233e+04  2.894e+04  1.572e+04  1.159e+04  2.371e+04   1.74e+04   2.09e+04  3.847e+04  2.055e+04       6224   1.67e+04  1.473e+04       2831  1.926e+04  1.491e+04      -8362  3.314e+04    2.1e+04  1.096e+04  1.898e+04  1.881e+04  1.833e+04  2.638e+04  3.461e+04  2.479e+04  1.817e+04  2.451e+04   2.15e+04   2.23e+04  4.114e+04  3.371e+04  3.692e+04  2.266e+04  1.482e+04  2.785e+04      -8731  2.368e+04       7632  2.508e+04   4.63e+04  3.861e+04  4.579e+04       7803  4.677e+04  2.969e+04  3.954e+04  1.053e+04  1.488e+04  2.377e+04  1.447e+04  3.026e+04  3.211e+04     -478.5   1.77e+04       3800  1.553e+04       7129   1.99e+04  2.487e+04  2.128e+04       4393  1.218e+04       9071       2869  1.252e+04      -5578  2.937e+04  1.043e+04  1.806e+04 -4.123e+04  1.359e+04      -4303       7854       8342  1.563e+04       8282      -9272       4833 -3.101e+04 -2.042e+05 -1.304e+06
