

TREE #  1

  0  0.0000 1177928.822876  x:  0.00568   0.01556   0.03002   0.04626   0.03493   0.00829   0.00857   0.01163   0.00384   0.01034   0.05512   0.04967   0.03598   0.02354   0.01590   0.01691   0.00103   0.01411   0.01182   0.00741   0.00693   0.00260   0.01304   0.02928   0.04361   0.04527   0.01527   0.11811   0.01471   0.02698   0.00677   0.03771   0.02354   0.02996   0.01610   0.00760   0.00644   0.04122   0.02304   0.01303   0.01492   0.00215   0.01585   0.01283   0.01018   0.00744   0.01850   0.01197   0.00745   0.00837   0.03328   0.05451   0.00000   0.00526   0.12721   0.10234   0.05013   0.03344   0.00373   0.02117   0.02220   0.01626   0.00963   0.01194   0.00308   0.00232   0.09762   0.05193   0.02155   0.00757   0.02356   0.03753   0.01317   0.01590   0.01155   0.00379   0.00893   0.00960   0.01180   0.01382   0.01111   0.00622   0.00769   0.10479   0.14654   0.06303   0.05112   5.30238   0.50536  
  1 99.0000 1177673.062861  x:  0.00525   0.01497   0.02996   0.04621   0.03502   0.00841   0.00811   0.01107   0.00413   0.01060   0.05508   0.04973   0.03610   0.02374   0.01590   0.01657   0.00426   0.01531   0.01115   0.00737   0.00741   0.00175   0.01284   0.02919   0.04376   0.04536   0.01477   0.11802   0.01501   0.02770   0.00597   0.03779   0.02339   0.02993   0.01645   0.00761   0.00668   0.04083   0.02285   0.01347   0.01475   0.00125   0.01604   0.01308   0.00961   0.00842   0.01854   0.01207   0.00731   0.00781   0.03310   0.05442   0.00284   0.00472   0.12702   0.10195   0.05020   0.03325   0.00410   0.02139   0.02216   0.01612   0.01031   0.01151   0.00195   0.00153   0.09718   0.05191   0.02157   0.00822   0.02443   0.03716   0.01261   0.01629   0.01117   0.00394   0.00898   0.00949   0.01153   0.01405   0.01049   0.00620   0.00730   0.10467   0.14610   0.06299   0.05115   5.30248   0.50702  
  2 129817.4724 1177271.706939  x:  0.00392   0.01301   0.02983   0.04605   0.03532   0.00877   0.00699   0.00950   0.00482   0.01129   0.05493   0.04991   0.03647   0.02429   0.01569   0.01519   0.00433   0.01826   0.00898   0.00724   0.00831   0.00058   0.01242   0.02893   0.04423   0.04566   0.01329   0.11772   0.01603   0.02992   0.00376   0.03806   0.02295   0.02986   0.01746   0.00761   0.00714   0.03965   0.02231   0.01477   0.01440   0.00201   0.01661   0.01377   0.00797   0.01063   0.01864   0.01231   0.00705   0.00656   0.03250   0.05414   0.00253   0.00278   0.12638   0.10059   0.05042   0.03265   0.00475   0.02199   0.02202   0.01566   0.01192   0.01035   0.00303   0.00370   0.09566   0.05182   0.02163   0.00983   0.02701   0.03594   0.01095   0.01740   0.01020   0.00412   0.00907   0.00923   0.01081   0.01468   0.00887   0.00623   0.00647   0.10427   0.14465   0.06286   0.05128   5.30283   0.51265  
  3 105664.2116 1177009.529411  x:  0.00297   0.01160   0.02975   0.04589   0.03558   0.00902   0.00655   0.00860   0.00514   0.01172   0.05477   0.05004   0.03677   0.02470   0.01552   0.01415   0.00333   0.02021   0.00771   0.00719   0.00855   0.00286   0.01232   0.02870   0.04464   0.04592   0.01215   0.11742   0.01701   0.03182   0.00260   0.03833   0.02263   0.02977   0.01817   0.00755   0.00722   0.03863   0.02188   0.01563   0.01410   0.00136   0.01693   0.01413   0.00687   0.01177   0.01867   0.01241   0.00706   0.00629   0.03195   0.05388   0.00149   0.00139   0.12577   0.09930   0.05063   0.03210   0.00487   0.02242   0.02188   0.01527   0.01274   0.00965   0.00202   0.00221   0.09418   0.05172   0.02168   0.01077   0.02902   0.03481   0.00973   0.01818   0.00968   0.00410   0.00909   0.00912   0.01040   0.01510   0.00809   0.00627   0.00635   0.10391   0.14322   0.06273   0.05139   5.30317   0.51823  
  4 167996.0800 1176799.826254  x:  0.00264   0.01115   0.02969   0.04571   0.03576   0.00905   0.00693   0.00859   0.00473   0.01176   0.05455   0.05009   0.03694   0.02493   0.01543   0.01381   0.00291   0.02103   0.00804   0.00723   0.00816   0.00178   0.01217   0.02847   0.04496   0.04610   0.01145   0.11707   0.01788   0.03333   0.00324   0.03857   0.02243   0.02962   0.01848   0.00746   0.00694   0.03764   0.02156   0.01599   0.01398   0.00143   0.01697   0.01411   0.00674   0.01179   0.01859   0.01233   0.00722   0.00698   0.03147   0.05361   0.00118   0.00127   0.12519   0.09806   0.05080   0.03159   0.00455   0.02261   0.02173   0.01501   0.01267   0.00967   0.00237   0.00073   0.09266   0.05158   0.02173   0.01095   0.03034   0.03377   0.00927   0.01851   0.00978   0.00398   0.00901   0.00916   0.01041   0.01520   0.00848   0.00627   0.00682   0.10359   0.14172   0.06255   0.05146   5.30355   0.52423  
  5 101722.0081 1176395.575097  x:  0.00216   0.01055   0.02957   0.04522   0.03617   0.00901   0.00810   0.00904   0.00364   0.01171   0.05396   0.05018   0.03735   0.02541   0.01524   0.01330   0.00267   0.02248   0.00939   0.00737   0.00694   0.00126   0.01200   0.02789   0.04572   0.04654   0.00989   0.11611   0.02000   0.03697   0.00507   0.03916   0.02196   0.02923   0.01905   0.00724   0.00614   0.03522   0.02083   0.01658   0.01370   0.00037   0.01690   0.01382   0.00679   0.01125   0.01833   0.01203   0.00763   0.00886   0.03026   0.05291   0.00129   0.00152   0.12368   0.09483   0.05123   0.03029   0.00362   0.02296   0.02134   0.01443   0.01206   0.01004   0.00143   0.00192   0.08870   0.05119   0.02186   0.01102   0.03335   0.03116   0.00852   0.01911   0.01027   0.00367   0.00879   0.00931   0.01058   0.01530   0.00979   0.00623   0.00811   0.10277   0.13774   0.06207   0.05164   5.30456   0.54020  
  6 406826.2748 1176167.768230  x:  0.00214   0.01052   0.02948   0.04481   0.03645   0.00882   0.00874   0.00964   0.00322   0.01163   0.05346   0.05022   0.03765   0.02570   0.01514   0.01323   0.00329   0.02316   0.01034   0.00744   0.00630   0.00254   0.01207   0.02744   0.04629   0.04685   0.00893   0.11529   0.02148   0.03965   0.00597   0.03955   0.02159   0.02891   0.01930   0.00719   0.00580   0.03339   0.02037   0.01684   0.01362   0.00288   0.01678   0.01356   0.00710   0.01057   0.01813   0.01180   0.00773   0.00974   0.02936   0.05233   0.00216   0.00211   0.12239   0.09211   0.05157   0.02930   0.00329   0.02314   0.02108   0.01417   0.01141   0.01042   0.00136   0.00242   0.08536   0.05084   0.02197   0.01086   0.03545   0.02918   0.00835   0.01936   0.01067   0.00362   0.00865   0.00941   0.01076   0.01524   0.01064   0.00614   0.00866   0.10209   0.13432   0.06165   0.05178   5.30545   0.55408  
  7 513325.2231 1175669.152840  x:  0.00350   0.01189   0.02932   0.04406   0.03676   0.00807   0.00854   0.01105   0.00429   0.01133   0.05251   0.05019   0.03805   0.02582   0.01508   0.01413   0.00391   0.02253   0.01105   0.00740   0.00712   0.00494   0.01252   0.02675   0.04711   0.04727   0.00844   0.11359   0.02310   0.04348   0.00547   0.03996   0.02099   0.02838   0.01903   0.00759   0.00664   0.03069   0.02011   0.01633   0.01361   0.00142   0.01625   0.01286   0.00826   0.00881   0.01785   0.01153   0.00706   0.00887   0.02815   0.05134   0.00346   0.00409   0.11974   0.08673   0.05221   0.02780   0.00467   0.02310   0.02086   0.01454   0.01008   0.01118   0.00581   0.00239   0.07880   0.05013   0.02224   0.00996   0.03796   0.02646   0.00966   0.01900   0.01114   0.00421   0.00870   0.00947   0.01107   0.01463   0.01103   0.00589   0.00775   0.10080   0.12727   0.06078   0.05201   5.30735   0.58332  
  8 313054.9078 1174684.158399  x:  0.00626   0.01435   0.02905   0.04320   0.03674   0.00760   0.00695   0.01187   0.00495   0.01062   0.05133   0.04993   0.03806   0.02524   0.01511   0.01586   0.00204   0.01899   0.01014   0.00706   0.00878   0.00226   0.01279   0.02618   0.04767   0.04745   0.00989   0.11112   0.02319   0.04623   0.00235   0.03992   0.02064   0.02796   0.01769   0.00786   0.00766   0.02889   0.02079   0.01454   0.01419   0.00180   0.01561   0.01249   0.00969   0.00752   0.01786   0.01174   0.00628   0.00541   0.02773   0.05029   0.00274   0.00674   0.11581   0.07929   0.05293   0.02670   0.00565   0.02240   0.02092   0.01557   0.00960   0.01160   0.00167   0.00192   0.07003   0.04918   0.02263   0.00846   0.03867   0.02548   0.01230   0.01738   0.01087   0.00394   0.00901   0.00924   0.01119   0.01355   0.00982   0.00607   0.00527   0.09892   0.11700   0.05956   0.05225   5.31030   0.62764  
  9 322056.6508 1173884.713965  x:  0.00774   0.01513   0.02859   0.04268   0.03592   0.00910   0.00644   0.01018   0.00436   0.01025   0.05056   0.04929   0.03716   0.02390   0.01510   0.01640   0.00487   0.01464   0.00775   0.00677   0.00782   0.00224   0.01276   0.02615   0.04702   0.04681   0.01231   0.10874   0.02042   0.04486   0.00074   0.03898   0.02118   0.02803   0.01607   0.00693   0.00641   0.03071   0.02222   0.01269   0.01442   0.00170   0.01557   0.01311   0.00888   0.00984   0.01814   0.01227   0.00806   0.00763   0.02898   0.04981   0.00056   0.00731   0.11190   0.07324   0.05301   0.02723   0.00375   0.02113   0.02110   0.01588   0.01133   0.01030   0.00231   0.00196   0.06387   0.04835   0.02274   0.00806   0.03538   0.02867   0.01286   0.01547   0.00957   0.00349   0.00883   0.00877   0.01055   0.01336   0.00757   0.00649   0.00810   0.09685   0.10750   0.05843   0.05216   5.31338   0.67179  
 10 264201.3085 1173284.211432  x:  0.00784   0.01455   0.02811   0.04243   0.03462   0.00949   0.00642   0.00775   0.00463   0.01058   0.05018   0.04839   0.03577   0.02250   0.01486   0.01511   0.00339   0.01351   0.00684   0.00702   0.00728   0.00282   0.01225   0.02639   0.04547   0.04555   0.01396   0.10650   0.01645   0.04067   0.00716   0.03759   0.02219   0.02832   0.01544   0.00710   0.00640   0.03416   0.02327   0.01244   0.01409   0.00177   0.01590   0.01374   0.00678   0.01163   0.01818   0.01220   0.00719   0.00681   0.03068   0.04969   0.00259   0.00643   0.10827   0.06908   0.05244   0.02880   0.00390   0.02019   0.02129   0.01574   0.01262   0.00873   0.00265   0.00213   0.06095   0.04771   0.02261   0.00873   0.02989   0.03309   0.01149   0.01493   0.00897   0.00490   0.00859   0.00866   0.00995   0.01407   0.00737   0.00570   0.00702   0.09467   0.09941   0.05746   0.05176   5.31648   0.71417  
 11 312355.3091 1172721.772263  x:  0.00677   0.01304   0.02789   0.04247   0.03330   0.00838   0.00719   0.00816   0.00480   0.01104   0.05019   0.04738   0.03436   0.02193   0.01478   0.01355   0.00334   0.01681   0.01022   0.00714   0.00749   0.00282   0.01144   0.02671   0.04338   0.04398   0.01349   0.10480   0.01204   0.03414   0.00500   0.03583   0.02229   0.02856   0.01597   0.00745   0.00682   0.03735   0.02308   0.01400   0.01344   0.00174   0.01602   0.01341   0.00657   0.01107   0.01776   0.01147   0.00635   0.00689   0.03182   0.04978   0.00267   0.00498   0.10568   0.06806   0.05115   0.03063   0.00472   0.02010   0.02118   0.01500   0.01183   0.00957   0.00277   0.00209   0.06229   0.04737   0.02223   0.00933   0.02424   0.03627   0.00937   0.01612   0.00990   0.00291   0.00844   0.00893   0.01029   0.01461   0.00967   0.00604   0.00617   0.09275   0.09461   0.05687   0.05111   5.31918   0.74866  
 12 221450.3896 1172511.055978  x:  0.00612   0.01235   0.02788   0.04261   0.03275   0.00792   0.00708   0.00927   0.00461   0.01107   0.05033   0.04678   0.03376   0.02224   0.01480   0.01339   0.00307   0.01819   0.00924   0.00679   0.00734   0.00246   0.01143   0.02689   0.04210   0.04305   0.01289   0.10419   0.01235   0.03003   0.00394   0.03509   0.02204   0.02848   0.01658   0.00715   0.00647   0.03838   0.02210   0.01468   0.01323   0.00175   0.01585   0.01291   0.00726   0.00978   0.01745   0.01127   0.00701   0.00697   0.03181   0.04987   0.00283   0.00477   0.10492   0.06958   0.04994   0.03144   0.00424   0.02047   0.02088   0.01439   0.01074   0.00996   0.00252   0.00203   0.06557   0.04734   0.02192   0.00955   0.02265   0.03670   0.00924   0.01694   0.01022   0.00655   0.00856   0.00893   0.01037   0.01428   0.00908   0.00569   0.00685   0.09188   0.09419   0.05678   0.05059   5.32060   0.76468  
 13 134264.8113 1172227.634393  x:  0.00570   0.01192   0.02791   0.04286   0.03228   0.00833   0.00685   0.00996   0.00440   0.01093   0.05064   0.04600   0.03323   0.02298   0.01486   0.01394   0.00328   0.01862   0.00682   0.00686   0.00725   0.00239   0.01189   0.02715   0.04043   0.04188   0.01229   0.10371   0.01531   0.02492   0.00493   0.03457   0.02163   0.02816   0.01720   0.00701   0.00631   0.03905   0.02033   0.01473   0.01328   0.00173   0.01558   0.01252   0.00766   0.00854   0.01726   0.01146   0.00706   0.00670   0.03126   0.05004   0.00282   0.00494   0.10460   0.07367   0.04788   0.03223   0.00397   0.02107   0.02046   0.01401   0.01010   0.00988   0.00268   0.00204   0.07225   0.04743   0.02139   0.00960   0.02260   0.03609   0.01001   0.01732   0.00928   0.00388   0.00846   0.00859   0.01019   0.01365   0.00762   0.00567   0.00685   0.09096   0.09602   0.05691   0.04976   5.32256   0.78413  
 14 124404.8650 1172024.410593  x:  0.00620   0.01229   0.02788   0.04307   0.03225   0.00883   0.00670   0.00860   0.00487   0.01083   0.05097   0.04551   0.03321   0.02326   0.01482   0.01436   0.00381   0.01693   0.00922   0.00717   0.00761   0.00249   0.01204   0.02735   0.03948   0.04124   0.01189   0.10363   0.01693   0.02313   0.00498   0.03465   0.02135   0.02784   0.01680   0.00734   0.00679   0.03907   0.01957   0.01373   0.01357   0.00178   0.01565   0.01315   0.00701   0.01047   0.01758   0.01189   0.00666   0.00700   0.03068   0.05029   0.00181   0.00467   0.10506   0.07891   0.04594   0.03248   0.00484   0.02111   0.02046   0.01466   0.01178   0.00926   0.00243   0.00206   0.07959   0.04762   0.02081   0.00925   0.02426   0.03496   0.01036   0.01652   0.00958   0.00477   0.00857   0.00890   0.00999   0.01388   0.00880   0.00609   0.00648   0.09049   0.10017   0.05726   0.04895   5.32451   0.80038  
 15 87654.2079 1171890.634488  x:  0.00666   0.01317   0.02807   0.04331   0.03267   0.00812   0.00713   0.00838   0.00488   0.01108   0.05133   0.04567   0.03361   0.02286   0.01479   0.01390   0.00282   0.01586   0.00878   0.00655   0.00728   0.00259   0.01171   0.02759   0.03981   0.04155   0.01209   0.10403   0.01517   0.02569   0.00428   0.03522   0.02172   0.02808   0.01623   0.00711   0.00636   0.03910   0.02084   0.01375   0.01369   0.00174   0.01604   0.01353   0.00712   0.01116   0.01788   0.01159   0.00712   0.00657   0.03082   0.05072   0.00315   0.00410   0.10621   0.08349   0.04516   0.03242   0.00381   0.02064   0.02092   0.01495   0.01187   0.00982   0.00277   0.00206   0.08514   0.04795   0.02064   0.00927   0.02500   0.03471   0.00975   0.01602   0.01022   0.00428   0.00862   0.00898   0.01040   0.01452   0.00904   0.00526   0.00679   0.09064   0.10506   0.05777   0.04857   5.32621   0.81153  
 16 62706.0293 1171806.225861  x:  0.00656   0.01327   0.02831   0.04355   0.03314   0.00823   0.00718   0.00889   0.00469   0.01125   0.05164   0.04613   0.03409   0.02253   0.01498   0.01397   0.00361   0.01610   0.00825   0.00733   0.00758   0.00252   0.01170   0.02782   0.04066   0.04224   0.01296   0.10466   0.01346   0.02853   0.00503   0.03584   0.02232   0.02852   0.01616   0.00740   0.00677   0.03918   0.02221   0.01409   0.01372   0.00181   0.01620   0.01341   0.00732   0.01047   0.01799   0.01147   0.00696   0.00702   0.03130   0.05112   0.00224   0.00346   0.10752   0.08673   0.04530   0.03235   0.00467   0.02043   0.02141   0.01517   0.01116   0.00994   0.00258   0.00211   0.08850   0.04831   0.02074   0.00951   0.02487   0.03512   0.00976   0.01614   0.01006   0.00455   0.00865   0.00892   0.01057   0.01463   0.00852   0.00660   0.00680   0.09108   0.10932   0.05827   0.04852   5.32764   0.81911  
 17 66771.5281 1171771.083703  x:  0.00622   0.01302   0.02849   0.04375   0.03345   0.00884   0.00692   0.00904   0.00481   0.01126   0.05187   0.04665   0.03444   0.02263   0.01522   0.01438   0.00397   0.01681   0.00879   0.00708   0.00765   0.00255   0.01202   0.02797   0.04145   0.04288   0.01375   0.10532   0.01339   0.02950   0.00519   0.03614   0.02263   0.02889   0.01648   0.00737   0.00674   0.03932   0.02265   0.01417   0.01380   0.00182   0.01615   0.01331   0.00730   0.01012   0.01805   0.01186   0.00692   0.00702   0.03182   0.05137   0.00177   0.00368   0.10863   0.08799   0.04609   0.03235   0.00447   0.02064   0.02153   0.01507   0.01132   0.00970   0.00256   0.00212   0.08922   0.04862   0.02100   0.00964   0.02443   0.03583   0.01031   0.01653   0.00974   0.00460   0.00875   0.00902   0.01045   0.01440   0.00860   0.00542   0.00660   0.09168   0.11173   0.05864   0.04879   5.32852   0.82229  
 18 33773.3973 1171740.021834  x:  0.00582   0.01283   0.02875   0.04408   0.03381   0.00902   0.00689   0.00897   0.00491   0.01120   0.05222   0.04745   0.03485   0.02300   0.01544   0.01474   0.00342   0.01738   0.00901   0.00696   0.00761   0.00262   0.01233   0.02811   0.04249   0.04375   0.01437   0.10642   0.01406   0.02970   0.00499   0.03641   0.02285   0.02931   0.01692   0.00738   0.00670   0.03958   0.02271   0.01416   0.01395   0.00183   0.01613   0.01340   0.00733   0.01026   0.01816   0.01226   0.00708   0.00691   0.03254   0.05172   0.00239   0.00423   0.11033   0.08901   0.04756   0.03243   0.00435   0.02111   0.02156   0.01504   0.01188   0.00968   0.00270   0.00214   0.08910   0.04907   0.02138   0.00959   0.02396   0.03694   0.01074   0.01697   0.00985   0.00460   0.00882   0.00915   0.01034   0.01425   0.00905   0.00643   0.00704   0.09280   0.11467   0.05917   0.04938   5.32972   0.82541  
 19 30929.2415 1171712.853032  x:  0.00569   0.01294   0.02906   0.04453   0.03415   0.00851   0.00742   0.00901   0.00477   0.01121   0.05272   0.04832   0.03520   0.02347   0.01550   0.01476   0.00344   0.01720   0.00869   0.00760   0.00767   0.00262   0.01225   0.02824   0.04337   0.04453   0.01412   0.10787   0.01475   0.02904   0.00492   0.03665   0.02291   0.02960   0.01709   0.00759   0.00690   0.04000   0.02245   0.01423   0.01411   0.00186   0.01632   0.01368   0.00752   0.01066   0.01830   0.01209   0.00717   0.00738   0.03313   0.05217   0.00238   0.00413   0.11234   0.08960   0.04921   0.03259   0.00481   0.02154   0.02163   0.01531   0.01190   0.01013   0.00268   0.00216   0.08827   0.04961   0.02169   0.00943   0.02402   0.03797   0.01048   0.01705   0.01039   0.00462   0.00882   0.00917   0.01058   0.01454   0.00901   0.00594   0.00681   0.09435   0.11772   0.05980   0.05016   5.33117   0.82817  
 20 28542.8054 1171699.277459  x:  0.00574   0.01319   0.02923   0.04483   0.03428   0.00852   0.00726   0.00919   0.00487   0.01131   0.05308   0.04872   0.03533   0.02360   0.01545   0.01463   0.00374   0.01698   0.00892   0.00715   0.00772   0.00263   0.01212   0.02831   0.04356   0.04477   0.01355   0.10886   0.01474   0.02842   0.00516   0.03678   0.02291   0.02964   0.01698   0.00750   0.00683   0.04033   0.02229   0.01436   0.01412   0.00184   0.01648   0.01372   0.00748   0.01056   0.01838   0.01189   0.00696   0.00697   0.03324   0.05250   0.00212   0.00371   0.11362   0.08972   0.04995   0.03269   0.00445   0.02154   0.02170   0.01539   0.01153   0.01010   0.00270   0.00216   0.08754   0.04993   0.02177   0.00952   0.02445   0.03828   0.01029   0.01692   0.01028   0.00466   0.00890   0.00921   0.01076   0.01479   0.00895   0.00615   0.00690   0.09546   0.11943   0.06017   0.05063   5.33221   0.82953  
 21 22188.1621 1171693.575370  x:  0.00568   0.01332   0.02924   0.04497   0.03424   0.00887   0.00711   0.00919   0.00489   0.01133   0.05329   0.04874   0.03530   0.02348   0.01541   0.01457   0.00354   0.01701   0.00900   0.00725   0.00777   0.00261   0.01217   0.02836   0.04331   0.04463   0.01329   0.10952   0.01440   0.02814   0.00513   0.03681   0.02288   0.02956   0.01686   0.00752   0.00688   0.04055   0.02230   0.01444   0.01407   0.00186   0.01647   0.01359   0.00746   0.01035   0.01840   0.01202   0.00728   0.00722   0.03306   0.05270   0.00235   0.00359   0.11441   0.08965   0.04999   0.03275   0.00459   0.02135   0.02179   0.01543   0.01151   0.00997   0.00269   0.00217   0.08705   0.05006   0.02171   0.00966   0.02474   0.03809   0.01041   0.01684   0.01005   0.00465   0.00889   0.00920   0.01069   0.01475   0.00897   0.00611   0.00690   0.09618   0.12025   0.06033   0.05079   5.33304   0.83010  
 22 11143.7070 1171688.470324  x:  0.00542   0.01323   0.02917   0.04506   0.03412   0.00879   0.00726   0.00907   0.00478   0.01128   0.05348   0.04855   0.03517   0.02329   0.01544   0.01466   0.00359   0.01718   0.00885   0.00737   0.00763   0.00262   0.01235   0.02845   0.04279   0.04427   0.01344   0.11031   0.01416   0.02808   0.00513   0.03679   0.02289   0.02945   0.01685   0.00753   0.00682   0.04080   0.02240   0.01446   0.01405   0.00185   0.01641   0.01354   0.00756   0.01036   0.01839   0.01216   0.00696   0.00710   0.03276   0.05290   0.00230   0.00361   0.11531   0.08946   0.04964   0.03281   0.00454   0.02115   0.02185   0.01536   0.01175   0.01006   0.00271   0.00216   0.08650   0.05013   0.02158   0.00963   0.02481   0.03763   0.01052   0.01689   0.01021   0.00468   0.00887   0.00920   0.01060   0.01460   0.00902   0.00609   0.00696   0.09701   0.12098   0.06041   0.05082   5.33427   0.83057  
 23 9513.8444 1171685.810253  x:  0.00527   0.01314   0.02912   0.04506   0.03404   0.00858   0.00721   0.00913   0.00490   0.01128   0.05353   0.04837   0.03510   0.02326   0.01549   0.01468   0.00363   0.01720   0.00887   0.00718   0.00775   0.00261   0.01233   0.02849   0.04248   0.04404   0.01370   0.11077   0.01424   0.02819   0.00521   0.03675   0.02292   0.02943   0.01693   0.00752   0.00686   0.04090   0.02244   0.01440   0.01408   0.00186   0.01641   0.01362   0.00750   0.01048   0.01836   0.01206   0.00722   0.00716   0.03264   0.05295   0.00224   0.00366   0.11583   0.08932   0.04927   0.03286   0.00455   0.02119   0.02184   0.01533   0.01170   0.01005   0.00269   0.00217   0.08624   0.05013   0.02153   0.00956   0.02464   0.03738   0.01044   0.01695   0.01025   0.00465   0.00889   0.00920   0.01066   0.01463   0.00898   0.00613   0.00688   0.09749   0.12132   0.06040   0.05074   5.33527   0.83078  
 24 8884.6984 1171683.663692  x:  0.00523   0.01313   0.02910   0.04499   0.03401   0.00879   0.00724   0.00922   0.00488   0.01131   0.05348   0.04819   0.03507   0.02337   0.01551   0.01462   0.00356   0.01709   0.00896   0.00732   0.00774   0.00261   0.01215   0.02851   0.04235   0.04392   0.01381   0.11112   0.01441   0.02835   0.00510   0.03669   0.02294   0.02948   0.01700   0.00750   0.00685   0.04088   0.02241   0.01434   0.01411   0.00185   0.01645   0.01369   0.00744   0.01054   0.01835   0.01193   0.00708   0.00712   0.03267   0.05290   0.00232   0.00365   0.11620   0.08916   0.04886   0.03294   0.00458   0.02137   0.02177   0.01534   0.01152   0.00999   0.00270   0.00217   0.08614   0.05007   0.02159   0.00961   0.02440   0.03731   0.01037   0.01695   0.01011   0.00466   0.00889   0.00920   0.01073   0.01474   0.00895   0.00609   0.00697   0.09785   0.12149   0.06031   0.05056   5.33659   0.83089  
 25 6431.4343 1171680.102821  x:  0.00528   0.01316   0.02910   0.04482   0.03405   0.00878   0.00707   0.00911   0.00476   0.01136   0.05328   0.04796   0.03508   0.02358   0.01544   0.01459   0.00361   0.01698   0.00889   0.00722   0.00756   0.00264   0.01201   0.02852   0.04246   0.04393   0.01360   0.11154   0.01448   0.02851   0.00509   0.03662   0.02293   0.02959   0.01697   0.00758   0.00686   0.04072   0.02229   0.01441   0.01408   0.00185   0.01646   0.01358   0.00756   0.01040   0.01839   0.01208   0.00708   0.00721   0.03291   0.05268   0.00230   0.00353   0.11666   0.08889   0.04826   0.03311   0.00452   0.02159   0.02167   0.01539   0.01163   0.01010   0.00273   0.00216   0.08617   0.04992   0.02176   0.00979   0.02422   0.03750   0.01046   0.01689   0.01017   0.00468   0.00885   0.00921   0.01063   0.01476   0.00905   0.00615   0.00673   0.09829   0.12157   0.06009   0.05018   5.33961   0.83096  
 26 7487.9009 1171674.412822  x:  0.00530   0.01322   0.02914   0.04459   0.03414   0.00862   0.00730   0.00904   0.00498   0.01143   0.05296   0.04776   0.03515   0.02368   0.01535   0.01464   0.00364   0.01705   0.00890   0.00728   0.00792   0.00261   0.01217   0.02851   0.04278   0.04408   0.01326   0.11202   0.01441   0.02854   0.00521   0.03657   0.02289   0.02967   0.01685   0.00749   0.00684   0.04046   0.02218   0.01447   0.01403   0.00187   0.01643   0.01348   0.00753   0.01026   0.01841   0.01221   0.00718   0.00705   0.03323   0.05236   0.00223   0.00348   0.11720   0.08853   0.04760   0.03338   0.00460   0.02158   0.02162   0.01542   0.01179   0.01006   0.00267   0.00217   0.08636   0.04968   0.02193   0.00974   0.02427   0.03786   0.01050   0.01683   0.01029   0.00463   0.00889   0.00920   0.01055   0.01462   0.00900   0.00606   0.00711   0.09878   0.12154   0.05978   0.04967   5.34510   0.83100  
 27 18380.7262 1171660.501791  x:  0.00511   0.01326   0.02926   0.04434   0.03432   0.00864   0.00737   0.00927   0.00488   0.01137   0.05243   0.04770   0.03528   0.02341   0.01536   0.01479   0.00356   0.01737   0.00894   0.00728   0.00759   0.00260   0.01280   0.02844   0.04346   0.04449   0.01314   0.11272   0.01423   0.02824   0.00512   0.03660   0.02283   0.02964   0.01673   0.00746   0.00687   0.04003   0.02228   0.01440   0.01408   0.00184   0.01636   0.01370   0.00732   0.01055   0.01834   0.01192   0.00705   0.00723   0.03354   0.05187   0.00230   0.00378   0.11804   0.08794   0.04700   0.03383   0.00447   0.02103   0.02179   0.01528   0.01159   0.00979   0.00271   0.00216   0.08695   0.04927   0.02195   0.00917   0.02487   0.03845   0.01032   0.01693   0.01010   0.00469   0.00895   0.00917   0.01081   0.01445   0.00879   0.00618   0.00671   0.09942   0.12125   0.05936   0.04899   5.35925   0.83097  
 28 29468.8011 1171627.194487  x:  0.00476   0.01297   0.02933   0.04429   0.03442   0.00885   0.00647   0.00921   0.00446   0.01127   0.05190   0.04809   0.03537   0.02272   0.01564   0.01460   0.00361   0.01734   0.00876   0.00716   0.00772   0.00265   0.01261   0.02813   0.04420   0.04503   0.01388   0.11362   0.01434   0.02767   0.00523   0.03683   0.02285   0.02934   0.01702   0.00780   0.00685   0.03962   0.02284   0.01431   0.01419   0.00184   0.01640   0.01391   0.00770   0.01084   0.01825   0.01165   0.00718   0.00693   0.03327   0.05147   0.00223   0.00379   0.11916   0.08697   0.04713   0.03434   0.00498   0.02045   0.02219   0.01521   0.01128   0.01053   0.00270   0.00216   0.08824   0.04883   0.02160   0.00936   0.02567   0.03884   0.01044   0.01711   0.01008   0.00465   0.00864   0.00924   0.01087   0.01489   0.00944   0.00593   0.00733   0.10010   0.12040   0.05905   0.04857   5.39431   0.83076  
 29 62153.7116 1171530.520632  x:  0.00478   0.01267   0.02937   0.04467   0.03445   0.00940   0.00810   0.00913   0.00547   0.01150   0.05141   0.04944   0.03554   0.02191   0.01622   0.01418   0.00370   0.01679   0.00890   0.00728   0.00815   0.00272   0.01112   0.02742   0.04509   0.04586   0.01539   0.11539   0.01462   0.02697   0.00508   0.03745   0.02298   0.02867   0.01773   0.00737   0.00670   0.03918   0.02404   0.01419   0.01425   0.00187   0.01657   0.01364   0.00791   0.01029   0.01829   0.01219   0.00732   0.00719   0.03191   0.05119   0.00224   0.00345   0.12151   0.08489   0.04863   0.03493   0.00420   0.02047   0.02264   0.01509   0.01134   0.01085   0.00275   0.00219   0.09158   0.04841   0.02077   0.01038   0.02629   0.03870   0.01082   0.01723   0.01048   0.00474   0.00898   0.00935   0.01026   0.01552   0.00926   0.00633   0.00643   0.10134   0.11811   0.05898   0.04868   5.49844   0.83001  
 30 230934.3203 1171340.784171  x:  0.00595   0.01323   0.02937   0.04569   0.03431   0.00740   0.00706   0.00920   0.00498   0.01162   0.05179   0.05136   0.03558   0.02281   0.01618   0.01453   0.00349   0.01665   0.00962   0.00731   0.00692   0.00266   0.01077   0.02710   0.04519   0.04631   0.01555   0.11767   0.01425   0.02752   0.00500   0.03814   0.02318   0.02844   0.01780   0.00751   0.00736   0.03934   0.02461   0.01447   0.01406   0.00189   0.01675   0.01318   0.00708   0.00967   0.01865   0.01284   0.00671   0.00761   0.03024   0.05169   0.00238   0.00347   0.12474   0.08237   0.05166   0.03493   0.00470   0.02218   0.02238   0.01569   0.01220   0.00896   0.00270   0.00219   0.09669   0.04884   0.02037   0.01020   0.02519   0.03733   0.01025   0.01697   0.01041   0.00453   0.00930   0.00911   0.01045   0.01494   0.00815   0.00601   0.00755   0.10279   0.11446   0.05975   0.05019   5.69739   0.82852  
 31 504203.3828 1171118.281205  x:  0.00685   0.01384   0.02934   0.04672   0.03418   0.00937   0.00734   0.00912   0.00398   0.01138   0.05310   0.05242   0.03551   0.02470   0.01530   0.01527   0.00389   0.01716   0.00874   0.00738   0.00843   0.00272   0.01295   0.02782   0.04417   0.04593   0.01385   0.11934   0.01358   0.02931   0.00542   0.03829   0.02333   0.02921   0.01683   0.00766   0.00653   0.04031   0.02377   0.01496   0.01403   0.00184   0.01674   0.01369   0.00756   0.01111   0.01891   0.01222   0.00761   0.00686   0.03032   0.05290   0.00181   0.00386   0.12731   0.08088   0.05431   0.03400   0.00432   0.02340   0.02148   0.01609   0.01252   0.00982   0.00278   0.00218   0.10091   0.05023   0.02105   0.00917   0.02344   0.03582   0.00979   0.01667   0.01001   0.00477   0.00867   0.00918   0.01144   0.01413   0.00944   0.00625   0.00674   0.10353   0.11097   0.06108   0.05250   5.93910   0.82665  
 32 868780.4184 1170947.077595  x:  0.00628   0.01368   0.02945   0.04689   0.03438   0.00950   0.00699   0.00910   0.00675   0.01127   0.05472   0.05148   0.03569   0.02501   0.01501   0.01508   0.00373   0.01729   0.00859   0.00722   0.00725   0.00236   0.01403   0.02923   0.04277   0.04492   0.01273   0.11928   0.01401   0.03084   0.00547   0.03762   0.02344   0.03059   0.01632   0.00776   0.00747   0.04168   0.02231   0.01445   0.01452   0.00189   0.01659   0.01448   0.00776   0.01178   0.01870   0.01159   0.00676   0.00786   0.03294   0.05419   0.00179   0.00436   0.12746   0.08205   0.05438   0.03272   0.00446   0.02196   0.02147   0.01581   0.01143   0.01124   0.00242   0.00218   0.10101   0.05176   0.02226   0.01023   0.02409   0.03631   0.01148   0.01695   0.01042   0.00462   0.00926   0.00969   0.01082   0.01494   0.00924   0.00618   0.00735   0.10285   0.10997   0.06220   0.05409   6.13140   0.82511  
 33 593589.2468 1170754.852691  x:  0.00562   0.01329   0.02977   0.04647   0.03496   0.00829   0.00731   0.00911   0.00439   0.01079   0.05634   0.04927   0.03587   0.02418   0.01563   0.01477   0.00373   0.01700   0.00975   0.00789   0.00796   0.00268   0.01310   0.03064   0.04173   0.04390   0.01292   0.11799   0.01537   0.03163   0.00501   0.03681   0.02353   0.03175   0.01678   0.00738   0.00644   0.04299   0.02124   0.01395   0.01477   0.00183   0.01658   0.01420   0.00748   0.01051   0.01855   0.01237   0.00754   0.00691   0.03615   0.05545   0.00204   0.00432   0.12584   0.08536   0.05271   0.03156   0.00473   0.02004   0.02231   0.01549   0.01109   0.01021   0.00278   0.00218   0.09796   0.05308   0.02297   0.01036   0.02611   0.03790   0.01158   0.01731   0.01058   0.00467   0.00902   0.00917   0.01022   0.01573   0.00868   0.00632   0.00674   0.10124   0.11102   0.06316   0.05510   6.33376   0.82349  
 34 655850.0705 1170618.404803  x:  0.00602   0.01340   0.02997   0.04580   0.03535   0.00917   0.00794   0.00970   0.00462   0.01140   0.05687   0.04764   0.03616   0.02330   0.01611   0.01501   0.00367   0.01704   0.00885   0.00663   0.00809   0.00264   0.01179   0.03076   0.04194   0.04373   0.01360   0.11612   0.01583   0.03095   0.00492   0.03667   0.02339   0.03138   0.01739   0.00822   0.00780   0.04308   0.02159   0.01458   0.01430   0.00190   0.01665   0.01339   0.00795   0.00974   0.01860   0.01259   0.00697   0.00738   0.03689   0.05581   0.00217   0.00380   0.12329   0.08907   0.05055   0.03146   0.00477   0.02055   0.02280   0.01562   0.01229   0.00977   0.00270   0.00221   0.09340   0.05319   0.02238   0.00890   0.02699   0.03873   0.01000   0.01727   0.01017   0.00480   0.00889   0.00935   0.01118   0.01497   0.00964   0.00614   0.00716   0.09962   0.11370   0.06334   0.05485   6.47961   0.82233  
 35 526498.7540 1170506.033179  x:  0.00653   0.01351   0.02992   0.04516   0.03542   0.00896   0.00662   0.00961   0.00556   0.01196   0.05654   0.04687   0.03633   0.02312   0.01602   0.01519   0.00364   0.01755   0.00900   0.00804   0.00764   0.00263   0.01175   0.03003   0.04283   0.04414   0.01391   0.11399   0.01529   0.02963   0.00525   0.03703   0.02315   0.03019   0.01744   0.00717   0.00643   0.04233   0.02242   0.01508   0.01397   0.00186   0.01670   0.01342   0.00787   0.01027   0.01869   0.01209   0.00723   0.00729   0.03571   0.05548   0.00216   0.00341   0.12032   0.09280   0.04862   0.03213   0.00442   0.02210   0.02255   0.01575   0.01225   0.01053   0.00270   0.00218   0.08836   0.05260   0.02150   0.00888   0.02659   0.03876   0.01005   0.01713   0.01026   0.00471   0.00911   0.00956   0.01142   0.01410   0.00950   0.00622   0.00686   0.09808   0.11732   0.06300   0.05380   6.59904   0.82140  
 36 486516.2414 1170442.566758  x:  0.00635   0.01336   0.02972   0.04491   0.03518   0.00891   0.00746   0.00907   0.00467   0.01163   0.05579   0.04699   0.03615   0.02353   0.01559   0.01497   0.00357   0.01767   0.00913   0.00722   0.00767   0.00265   0.01254   0.02925   0.04347   0.04456   0.01366   0.11251   0.01455   0.02876   0.00521   0.03734   0.02301   0.02944   0.01714   0.00775   0.00700   0.04150   0.02273   0.01480   0.01415   0.00184   0.01660   0.01389   0.00739   0.01075   0.01864   0.01184   0.00732   0.00711   0.03414   0.05484   0.00223   0.00347   0.11823   0.09500   0.04781   0.03286   0.00453   0.02255   0.02197   0.01565   0.01133   0.01047   0.00269   0.00217   0.08515   0.05192   0.02129   0.00980   0.02553   0.03833   0.01100   0.01706   0.01043   0.00469   0.00894   0.00923   0.01079   0.01441   0.00890   0.00617   0.00702   0.09717   0.12012   0.06248   0.05271   6.66670   0.82089  
 37 358028.4742 1170422.967825  x:  0.00569   0.01319   0.02953   0.04500   0.03480   0.00869   0.00723   0.00926   0.00487   0.01127   0.05510   0.04759   0.03584   0.02382   0.01540   0.01467   0.00359   0.01728   0.00879   0.00722   0.00798   0.00258   0.01271   0.02889   0.04344   0.04463   0.01338   0.11187   0.01445   0.02867   0.00513   0.03726   0.02305   0.02958   0.01694   0.00745   0.00682   0.04113   0.02242   0.01437   0.01429   0.00184   0.01646   0.01380   0.00761   0.01052   0.01846   0.01212   0.00695   0.00738   0.03338   0.05426   0.00226   0.00350   0.11728   0.09542   0.04804   0.03317   0.00455   0.02164   0.02170   0.01540   0.01148   0.01001   0.00267   0.00217   0.08421   0.05147   0.02171   0.00966   0.02472   0.03794   0.01063   0.01707   0.01018   0.00468   0.00891   0.00928   0.01059   0.01507   0.00930   0.00613   0.00691   0.09692   0.12155   0.06202   0.05200   6.68750   0.82074  
 38 91596.9544 1170416.322727  x:  0.00545   0.01313   0.02940   0.04510   0.03454   0.00887   0.00724   0.00924   0.00498   0.01123   0.05467   0.04799   0.03560   0.02381   0.01540   0.01466   0.00363   0.01716   0.00894   0.00735   0.00760   0.00258   0.01255   0.02879   0.04320   0.04453   0.01331   0.11154   0.01452   0.02872   0.00514   0.03707   0.02308   0.02981   0.01689   0.00760   0.00694   0.04107   0.02217   0.01433   0.01419   0.00183   0.01643   0.01367   0.00761   0.01043   0.01838   0.01207   0.00725   0.00703   0.03320   0.05388   0.00223   0.00341   0.11676   0.09527   0.04836   0.03320   0.00458   0.02114   0.02171   0.01534   0.01169   0.01020   0.00268   0.00216   0.08398   0.05118   0.02202   0.00955   0.02447   0.03779   0.01042   0.01705   0.01021   0.00467   0.00892   0.00927   0.01071   0.01491   0.00904   0.00613   0.00691   0.09690   0.12236   0.06170   0.05158   6.69450   0.82070  
 39 40589.5392 1170412.234331  x:  0.00548   0.01317   0.02929   0.04519   0.03430   0.00885   0.00719   0.00912   0.00488   0.01131   0.05425   0.04832   0.03535   0.02364   0.01544   0.01475   0.00355   0.01721   0.00897   0.00720   0.00782   0.00260   0.01236   0.02881   0.04281   0.04431   0.01336   0.11120   0.01459   0.02877   0.00513   0.03679   0.02306   0.03001   0.01688   0.00753   0.00683   0.04114   0.02200   0.01448   0.01407   0.00184   0.01645   0.01364   0.00753   0.01052   0.01838   0.01192   0.00704   0.00724   0.03330   0.05354   0.00230   0.00341   0.11622   0.09479   0.04874   0.03305   0.00458   0.02105   0.02183   0.01537   0.01160   0.01027   0.00268   0.00216   0.08398   0.05088   0.02222   0.00962   0.02453   0.03775   0.01052   0.01699   0.01026   0.00466   0.00890   0.00922   0.01080   0.01452   0.00895   0.00613   0.00690   0.09698   0.12320   0.06134   0.05121   6.69887   0.82067  
 40 19509.7339 1170410.131607  x:  0.00554   0.01319   0.02927   0.04521   0.03422   0.00876   0.00725   0.00917   0.00490   0.01136   0.05403   0.04840   0.03526   0.02353   0.01546   0.01475   0.00360   0.01728   0.00885   0.00731   0.00773   0.00259   0.01240   0.02889   0.04255   0.04414   0.01339   0.11093   0.01455   0.02876   0.00512   0.03663   0.02302   0.03001   0.01687   0.00754   0.00691   0.04125   0.02202   0.01453   0.01410   0.00184   0.01645   0.01370   0.00752   0.01055   0.01841   0.01197   0.00714   0.00714   0.03346   0.05336   0.00224   0.00351   0.11578   0.09424   0.04897   0.03285   0.00451   0.02129   0.02186   0.01539   0.01147   0.01009   0.00267   0.00216   0.08407   0.05067   0.02220   0.00963   0.02468   0.03777   0.01057   0.01696   0.01019   0.00467   0.00890   0.00925   0.01069   0.01459   0.00919   0.00612   0.00690   0.09707   0.12385   0.06111   0.05100   6.70112   0.82066  
 41 11401.5983 1170408.948491  x:  0.00549   0.01317   0.02930   0.04519   0.03427   0.00882   0.00724   0.00922   0.00490   0.01132   0.05396   0.04831   0.03530   0.02355   0.01544   0.01468   0.00359   0.01729   0.00891   0.00723   0.00772   0.00258   0.01251   0.02898   0.04244   0.04405   0.01337   0.11071   0.01450   0.02872   0.00514   0.03661   0.02299   0.02990   0.01687   0.00753   0.00682   0.04134   0.02210   0.01446   0.01416   0.00183   0.01643   0.01370   0.00755   0.01047   0.01841   0.01202   0.00711   0.00716   0.03358   0.05332   0.00225   0.00363   0.11542   0.09368   0.04906   0.03267   0.00459   0.02147   0.02180   0.01540   0.01157   0.01020   0.00267   0.00216   0.08420   0.05058   0.02207   0.00956   0.02475   0.03779   0.01050   0.01699   0.01020   0.00467   0.00889   0.00924   0.01065   0.01477   0.00903   0.00612   0.00690   0.09714   0.12437   0.06098   0.05094   6.70239   0.82065  
 42 6747.7883 1170408.347409  x:  0.00540   0.01314   0.02933   0.04514   0.03435   0.00881   0.00718   0.00916   0.00489   0.01130   0.05402   0.04816   0.03537   0.02361   0.01543   0.01468   0.00358   0.01724   0.00892   0.00730   0.00779   0.00259   0.01249   0.02900   0.04248   0.04404   0.01334   0.11056   0.01450   0.02870   0.00513   0.03668   0.02299   0.02980   0.01689   0.00755   0.00692   0.04136   0.02215   0.01441   0.01413   0.00183   0.01642   0.01367   0.00755   0.01045   0.01839   0.01197   0.00710   0.00717   0.03359   0.05337   0.00227   0.00365   0.11516   0.09323   0.04904   0.03259   0.00447   0.02141   0.02173   0.01536   0.01157   0.01019   0.00267   0.00216   0.08433   0.05060   0.02199   0.00958   0.02471   0.03779   0.01052   0.01702   0.01023   0.00466   0.00890   0.00923   0.01074   0.01474   0.00902   0.00612   0.00690   0.09718   0.12472   0.06096   0.05098   6.70304   0.82065  
 43 4081.5861 1170407.988953  x:  0.00534   0.01313   0.02934   0.04510   0.03440   0.00880   0.00723   0.00915   0.00490   0.01130   0.05409   0.04804   0.03543   0.02365   0.01542   0.01471   0.00358   0.01722   0.00889   0.00725   0.00773   0.00258   0.01245   0.02899   0.04255   0.04406   0.01333   0.11046   0.01452   0.02868   0.00512   0.03674   0.02300   0.02977   0.01689   0.00752   0.00686   0.04135   0.02215   0.01441   0.01411   0.00184   0.01642   0.01366   0.00754   0.01048   0.01837   0.01196   0.00711   0.00715   0.03356   0.05343   0.00227   0.00366   0.11497   0.09290   0.04899   0.03259   0.00457   0.02132   0.02172   0.01537   0.01154   0.01015   0.00267   0.00216   0.08443   0.05065   0.02196   0.00960   0.02465   0.03779   0.01053   0.01701   0.01021   0.00466   0.00889   0.00924   0.01074   0.01466   0.00907   0.00612   0.00689   0.09721   0.12496   0.06097   0.05104   6.70342   0.82065  
 44 4140.5112 1170407.856465  x:  0.00537   0.01316   0.02933   0.04508   0.03439   0.00880   0.00722   0.00919   0.00490   0.01133   0.05415   0.04800   0.03542   0.02362   0.01541   0.01470   0.00358   0.01725   0.00890   0.00726   0.00774   0.00259   0.01244   0.02896   0.04259   0.04409   0.01335   0.11042   0.01454   0.02868   0.00512   0.03675   0.02300   0.02980   0.01688   0.00755   0.00686   0.04132   0.02210   0.01446   0.01412   0.00183   0.01643   0.01368   0.00754   0.01050   0.01838   0.01199   0.00711   0.00716   0.03352   0.05347   0.00227   0.00369   0.11487   0.09275   0.04894   0.03265   0.00455   0.02129   0.02176   0.01538   0.01154   0.01017   0.00267   0.00216   0.08447   0.05071   0.02199   0.00959   0.02462   0.03779   0.01051   0.01698   0.01019   0.00466   0.00889   0.00924   0.01067   0.01466   0.00906   0.00612   0.00690   0.09722   0.12507   0.06100   0.05109   6.70357   0.82065  
 45 1553.1037 1170407.811243  x:  0.00538   0.01316   0.02931   0.04508   0.03437   0.00881   0.00722   0.00918   0.00489   0.01133   0.05418   0.04800   0.03540   0.02359   0.01542   0.01470   0.00358   0.01726   0.00889   0.00726   0.00774   0.00259   0.01246   0.02894   0.04261   0.04410   0.01336   0.11040   0.01453   0.02868   0.00512   0.03674   0.02300   0.02984   0.01688   0.00752   0.00688   0.04130   0.02208   0.01446   0.01413   0.00183   0.01643   0.01368   0.00753   0.01049   0.01839   0.01198   0.00711   0.00716   0.03350   0.05349   0.00226   0.00371   0.11483   0.09268   0.04890   0.03271   0.00455   0.02131   0.02178   0.01538   0.01155   0.01017   0.00267   0.00216   0.08449   0.05074   0.02201   0.00959   0.02463   0.03779   0.01052   0.01699   0.01021   0.00466   0.00890   0.00924   0.01070   0.01469   0.00906   0.00612   0.00690   0.09722   0.12511   0.06102   0.05111   6.70361   0.82064  
 46 863.6775 1170407.801264  x:  0.00538   0.01315   0.02931   0.04508   0.03436   0.00880   0.00722   0.00917   0.00490   0.01132   0.05419   0.04802   0.03539   0.02359   0.01543   0.01470   0.00358   0.01725   0.00890   0.00726   0.00774   0.00259   0.01246   0.02894   0.04261   0.04411   0.01336   0.11040   0.01453   0.02869   0.00512   0.03673   0.02300   0.02985   0.01688   0.00754   0.00686   0.04130   0.02208   0.01445   0.01412   0.00183   0.01643   0.01368   0.00754   0.01049   0.01839   0.01198   0.00711   0.00716   0.03350   0.05350   0.00227   0.00371   0.11481   0.09266   0.04888   0.03274   0.00455   0.02132   0.02178   0.01538   0.01155   0.01016   0.00267   0.00216   0.08449   0.05076   0.02202   0.00959   0.02465   0.03779   0.01052   0.01699   0.01021   0.00466   0.00889   0.00924   0.01071   0.01469   0.00906   0.00612   0.00690   0.09722   0.12512   0.06104   0.05112   6.70363   0.82064  
 47 392.8390 1170407.797346  x:  0.00537   0.01315   0.02932   0.04509   0.03435   0.00880   0.00722   0.00918   0.00490   0.01132   0.05419   0.04803   0.03538   0.02360   0.01543   0.01470   0.00358   0.01725   0.00890   0.00726   0.00774   0.00259   0.01246   0.02894   0.04261   0.04411   0.01336   0.11041   0.01453   0.02869   0.00512   0.03673   0.02300   0.02985   0.01688   0.00753   0.00687   0.04130   0.02209   0.01444   0.01412   0.00183   0.01643   0.01368   0.00754   0.01049   0.01839   0.01198   0.00711   0.00716   0.03350   0.05350   0.00227   0.00371   0.11480   0.09266   0.04887   0.03276   0.00455   0.02133   0.02177   0.01538   0.01154   0.01017   0.00267   0.00216   0.08450   0.05076   0.02201   0.00959   0.02466   0.03780   0.01052   0.01699   0.01021   0.00466   0.00889   0.00924   0.01070   0.01468   0.00906   0.00612   0.00690   0.09722   0.12513   0.06105   0.05112   6.70363   0.82064  
 48 230.2927 1170407.795915  x:  0.00537   0.01315   0.02932   0.04510   0.03436   0.00880   0.00722   0.00918   0.00490   0.01132   0.05419   0.04805   0.03538   0.02360   0.01543   0.01470   0.00358   0.01725   0.00890   0.00726   0.00774   0.00259   0.01246   0.02894   0.04260   0.04411   0.01336   0.11042   0.01453   0.02869   0.00512   0.03672   0.02300   0.02985   0.01688   0.00754   0.00687   0.04130   0.02209   0.01445   0.01412   0.00183   0.01643   0.01368   0.00754   0.01049   0.01839   0.01198   0.00711   0.00716   0.03351   0.05350   0.00227   0.00371   0.11479   0.09265   0.04886   0.03277   0.00455   0.02132   0.02177   0.01538   0.01154   0.01017   0.00267   0.00216   0.08450   0.05076   0.02201   0.00959   0.02466   0.03780   0.01052   0.01699   0.01021   0.00466   0.00889   0.00924   0.01070   0.01468   0.00906   0.00612   0.00690   0.09721   0.12513   0.06106   0.05112   6.70363   0.82064  
 49 112.5784 1170407.795331  x:  0.00538   0.01315   0.02932   0.04510   0.03436   0.00880   0.00722   0.00918   0.00490   0.01132   0.05419   0.04805   0.03539   0.02360   0.01543   0.01470   0.00358   0.01725   0.00890   0.00726   0.00774   0.00259   0.01246   0.02894   0.04260   0.04411   0.01336   0.11042   0.01453   0.02869   0.00512   0.03673   0.02300   0.02984   0.01688   0.00753   0.00687   0.04130   0.02209   0.01445   0.01412   0.00183   0.01643   0.01368   0.00754   0.01049   0.01839   0.01198   0.00711   0.00716   0.03351   0.05350   0.00227   0.00371   0.11478   0.09265   0.04886   0.03277   0.00455   0.02132   0.02177   0.01538   0.01154   0.01017   0.00267   0.00216   0.08450   0.05076   0.02201   0.00959   0.02466   0.03779   0.01052   0.01699   0.01021   0.00466   0.00889   0.00924   0.01070   0.01469   0.00906   0.00612   0.00690   0.09721   0.12513   0.06106   0.05112   6.70363   0.82064  
 50 75.5287 1170407.794580  x:  0.00538   0.01315   0.02932   0.04510   0.03436   0.00880   0.00722   0.00918   0.00490   0.01132   0.05419   0.04806   0.03539   0.02360   0.01543   0.01470   0.00358   0.01725   0.00890   0.00726   0.00774   0.00259   0.01246   0.02895   0.04260   0.04411   0.01336   0.11044   0.01453   0.02869   0.00512   0.03673   0.02300   0.02984   0.01688   0.00754   0.00687   0.04130   0.02209   0.01444   0.01412   0.00183   0.01643   0.01368   0.00754   0.01049   0.01839   0.01198   0.00711   0.00716   0.03351   0.05350   0.00227   0.00371   0.11477   0.09265   0.04886   0.03277   0.00455   0.02132   0.02178   0.01538   0.01154   0.01017   0.00267   0.00216   0.08450   0.05076   0.02201   0.00959   0.02465   0.03779   0.01052   0.01699   0.01021   0.00466   0.00889   0.00924   0.01070   0.01468   0.00906   0.00612   0.00690   0.09721   0.12513   0.06107   0.05112   6.70363   0.82064  
 51 56.9127 1170407.793614  x:  0.00537   0.01315   0.02932   0.04510   0.03436   0.00880   0.00722   0.00918   0.00490   0.01132   0.05419   0.04806   0.03539   0.02360   0.01543   0.01470   0.00358   0.01725   0.00890   0.00726   0.00774   0.00259   0.01246   0.02894   0.04260   0.04411   0.01336   0.11046   0.01453   0.02869   0.00512   0.03673   0.02300   0.02984   0.01688   0.00754   0.00687   0.04130   0.02209   0.01445   0.01412   0.00183   0.01643   0.01368   0.00754   0.01049   0.01839   0.01198   0.00711   0.00716   0.03351   0.05350   0.00227   0.00371   0.11476   0.09265   0.04886   0.03276   0.00455   0.02133   0.02177   0.01538   0.01154   0.01017   0.00267   0.00216   0.08450   0.05076   0.02201   0.00959   0.02465   0.03779   0.01052   0.01699   0.01021   0.00466   0.00889   0.00924   0.01070   0.01468   0.00906   0.00612   0.00690   0.09721   0.12513   0.06108   0.05111   6.70363   0.82064  
 52 61.5457 1170407.792137  x:  0.00537   0.01315   0.02932   0.04510   0.03436   0.00880   0.00722   0.00918   0.00490   0.01132   0.05419   0.04805   0.03539   0.02360   0.01543   0.01470   0.00358   0.01725   0.00890   0.00726   0.00774   0.00259   0.01246   0.02894   0.04260   0.04411   0.01336   0.11049   0.01453   0.02869   0.00512   0.03673   0.02300   0.02985   0.01688   0.00754   0.00687   0.04130   0.02209   0.01445   0.01412   0.00183   0.01643   0.01368   0.00754   0.01049   0.01839   0.01198   0.00711   0.00716   0.03351   0.05350   0.00227   0.00372   0.11474   0.09265   0.04886   0.03276   0.00455   0.02133   0.02177   0.01538   0.01155   0.01017   0.00267   0.00216   0.08450   0.05076   0.02201   0.00959   0.02466   0.03779   0.01052   0.01699   0.01021   0.00466   0.00889   0.00924   0.01070   0.01468   0.00906   0.00612   0.00690   0.09720   0.12513   0.06109   0.05110   6.70363   0.82064  
 53 95.7476 1170407.790014  x:  0.00538   0.01316   0.02932   0.04509   0.03436   0.00880   0.00722   0.00917   0.00490   0.01132   0.05419   0.04804   0.03538   0.02360   0.01543   0.01470   0.00358   0.01725   0.00890   0.00726   0.00774   0.00259   0.01246   0.02894   0.04261   0.04411   0.01336   0.11051   0.01453   0.02869   0.00512   0.03673   0.02300   0.02985   0.01688   0.00754   0.00687   0.04130   0.02209   0.01445   0.01412   0.00183   0.01643   0.01367   0.00754   0.01049   0.01839   0.01198   0.00711   0.00716   0.03351   0.05350   0.00227   0.00372   0.11472   0.09265   0.04887   0.03276   0.00455   0.02132   0.02176   0.01538   0.01154   0.01017   0.00267   0.00216   0.08450   0.05076   0.02201   0.00959   0.02466   0.03780   0.01052   0.01699   0.01021   0.00466   0.00890   0.00924   0.01070   0.01469   0.00906   0.00612   0.00690   0.09720   0.12513   0.06109   0.05110   6.70363   0.82065  
 54 79.4346 1170407.784396  x:  0.00538   0.01315   0.02932   0.04509   0.03435   0.00880   0.00722   0.00918   0.00490   0.01132   0.05420   0.04803   0.03537   0.02361   0.01543   0.01470   0.00358   0.01725   0.00890   0.00726   0.00774   0.00259   0.01246   0.02893   0.04261   0.04411   0.01335   0.11054   0.01453   0.02870   0.00512   0.03671   0.02300   0.02984   0.01688   0.00753   0.00687   0.04130   0.02210   0.01444   0.01412   0.00183   0.01643   0.01368   0.00754   0.01049   0.01839   0.01199   0.00711   0.00716   0.03351   0.05350   0.00227   0.00371   0.11471   0.09266   0.04889   0.03276   0.00455   0.02132   0.02178   0.01538   0.01154   0.01017   0.00267   0.00216   0.08450   0.05076   0.02200   0.00959   0.02465   0.03780   0.01052   0.01700   0.01021   0.00466   0.00889   0.00923   0.01071   0.01468   0.00906   0.00612   0.00690   0.09720   0.12513   0.06108   0.05110   6.70364   0.82065  
 55 81.2221 1170407.771290  x:  0.00538   0.01315   0.02933   0.04509   0.03435   0.00880   0.00722   0.00918   0.00490   0.01132   0.05420   0.04802   0.03536   0.02360   0.01543   0.01470   0.00358   0.01724   0.00890   0.00726   0.00774   0.00259   0.01246   0.02894   0.04261   0.04412   0.01334   0.11057   0.01453   0.02870   0.00512   0.03670   0.02300   0.02982   0.01688   0.00754   0.00687   0.04128   0.02209   0.01444   0.01413   0.00183   0.01643   0.01369   0.00754   0.01048   0.01839   0.01198   0.00711   0.00716   0.03351   0.05351   0.00227   0.00372   0.11468   0.09267   0.04890   0.03278   0.00455   0.02132   0.02180   0.01538   0.01155   0.01017   0.00267   0.00216   0.08450   0.05076   0.02199   0.00959   0.02465   0.03779   0.01053   0.01700   0.01020   0.00466   0.00891   0.00925   0.01071   0.01468   0.00906   0.00612   0.00690   0.09721   0.12513   0.06104   0.05112   6.70364   0.82065  
 56 151.3807 1170407.707123  x:  0.00535   0.01314   0.02936   0.04510   0.03437   0.00881   0.00722   0.00916   0.00491   0.01132   0.05423   0.04802   0.03537   0.02357   0.01542   0.01471   0.00358   0.01723   0.00890   0.00726   0.00774   0.00259   0.01245   0.02896   0.04260   0.04412   0.01335   0.11065   0.01452   0.02871   0.00512   0.03670   0.02302   0.02980   0.01687   0.00753   0.00687   0.04124   0.02206   0.01448   0.01413   0.00183   0.01642   0.01368   0.00754   0.01048   0.01837   0.01195   0.00711   0.00716   0.03354   0.05352   0.00227   0.00374   0.11462   0.09270   0.04892   0.03281   0.00455   0.02134   0.02178   0.01536   0.01155   0.01016   0.00267   0.00216   0.08451   0.05077   0.02199   0.00957   0.02464   0.03778   0.01053   0.01698   0.01022   0.00466   0.00888   0.00923   0.01068   0.01469   0.00906   0.00612   0.00690   0.09722   0.12512   0.06090   0.05119   6.70367   0.82066  
 57 302.5622 1170407.542256  x:  0.00536   0.01317   0.02935   0.04512   0.03439   0.00880   0.00723   0.00920   0.00489   0.01132   0.05425   0.04806   0.03541   0.02356   0.01542   0.01470   0.00358   0.01726   0.00890   0.00726   0.00774   0.00259   0.01246   0.02898   0.04257   0.04412   0.01340   0.11076   0.01451   0.02868   0.00512   0.03674   0.02302   0.02981   0.01687   0.00754   0.00687   0.04119   0.02205   0.01444   0.01408   0.00184   0.01642   0.01365   0.00753   0.01052   0.01838   0.01201   0.00711   0.00716   0.03356   0.05353   0.00227   0.00371   0.11451   0.09274   0.04889   0.03282   0.00455   0.02133   0.02171   0.01538   0.01154   0.01018   0.00267   0.00216   0.08451   0.05080   0.02203   0.00960   0.02466   0.03777   0.01053   0.01698   0.01021   0.00466   0.00890   0.00924   0.01073   0.01470   0.00906   0.00612   0.00690   0.09727   0.12511   0.06064   0.05134   6.70374   0.82069  
 58 628.0144 1170407.139402  x:  0.00544   0.01317   0.02926   0.04514   0.03438   0.00881   0.00723   0.00915   0.00490   0.01131   0.05424   0.04815   0.03547   0.02366   0.01546   0.01470   0.00358   0.01729   0.00890   0.00726   0.00774   0.00259   0.01246   0.02897   0.04256   0.04411   0.01338   0.11087   0.01451   0.02865   0.00513   0.03682   0.02299   0.02994   0.01692   0.00753   0.00687   0.04124   0.02217   0.01440   0.01419   0.00183   0.01646   0.01375   0.00756   0.01044   0.01841   0.01196   0.00712   0.00717   0.03351   0.05353   0.00227   0.00371   0.11438   0.09278   0.04879   0.03275   0.00454   0.02129   0.02174   0.01541   0.01155   0.01017   0.00267   0.00216   0.08452   0.05081   0.02206   0.00960   0.02469   0.03779   0.01049   0.01703   0.01022   0.00466   0.00889   0.00925   0.01068   0.01465   0.00907   0.00612   0.00691   0.09735   0.12509   0.06034   0.05156   6.70392   0.82076  
 59 734.3999 1170405.585171  x:  0.00528   0.01307   0.02911   0.04514   0.03432   0.00880   0.00723   0.00927   0.00489   0.01131   0.05412   0.04832   0.03547   0.02377   0.01539   0.01472   0.00357   0.01717   0.00892   0.00726   0.00775   0.00258   0.01244   0.02885   0.04267   0.04410   0.01319   0.11096   0.01461   0.02870   0.00513   0.03689   0.02291   0.03008   0.01690   0.00754   0.00688   0.04154   0.02235   0.01458   0.01409   0.00184   0.01640   0.01357   0.00753   0.01057   0.01841   0.01198   0.00711   0.00715   0.03335   0.05349   0.00225   0.00387   0.11421   0.09287   0.04856   0.03257   0.00456   0.02136   0.02205   0.01534   0.01156   0.01018   0.00267   0.00216   0.08454   0.05076   0.02200   0.00954   0.02470   0.03789   0.01061   0.01702   0.01021   0.00466   0.00894   0.00919   0.01071   0.01474   0.00906   0.00612   0.00689   0.09754   0.12504   0.06008   0.05192   6.70460   0.82104  
 60 1005.7486 1170396.288421  x:  0.00500   0.01320   0.02921   0.04510   0.03427   0.00879   0.00723   0.00911   0.00492   0.01129   0.05360   0.04859   0.03520   0.02343   0.01523   0.01479   0.00355   0.01728   0.00893   0.00726   0.00775   0.00249   0.01266   0.02858   0.04323   0.04419   0.01321   0.11094   0.01500   0.02913   0.00498   0.03674   0.02293   0.02979   0.01666   0.00754   0.00688   0.04246   0.02189   0.01437   0.01390   0.00184   0.01635   0.01379   0.00740   0.01024   0.01821   0.01212   0.00708   0.00715   0.03295   0.05318   0.00227   0.00360   0.11380   0.09305   0.04813   0.03224   0.00458   0.02151   0.02198   0.01527   0.01138   0.01023   0.00265   0.00215   0.08465   0.05048   0.02169   0.00952   0.02474   0.03805   0.01050   0.01672   0.01027   0.00465   0.00854   0.00973   0.01075   0.01466   0.00904   0.00613   0.00686   0.09836   0.12485   0.06011   0.05278   6.70868   0.82269  
 61 2952.2762 1170376.005414  x:  0.00497   0.01339   0.02957   0.04497   0.03429   0.00881   0.00722   0.00910   0.00490   0.01127   0.05285   0.04875   0.03486   0.02307   0.01539   0.01472   0.00349   0.01752   0.00900   0.00726   0.00772   0.00243   0.01266   0.02830   0.04395   0.04432   0.01322   0.11074   0.01513   0.02966   0.00499   0.03646   0.02305   0.02922   0.01672   0.00755   0.00688   0.04337   0.02106   0.01422   0.01417   0.00183   0.01639   0.01387   0.00798   0.01029   0.01816   0.01197   0.00709   0.00715   0.03259   0.05270   0.00220   0.00350   0.11322   0.09333   0.04777   0.03201   0.00459   0.02148   0.02137   0.01535   0.01148   0.01017   0.00262   0.00214   0.08481   0.05009   0.02148   0.00964   0.02494   0.03791   0.01045   0.01677   0.01017   0.00461   0.00931   0.00864   0.01071   0.01453   0.00919   0.00613   0.00688   0.09980   0.12452   0.06046   0.05376   6.71746   0.82625  
 62 22104.3978 1170302.823381  x:  0.00546   0.01313   0.03039   0.04458   0.03464   0.00880   0.00726   0.00985   0.00471   0.01142   0.05158   0.04840   0.03487   0.02363   0.01640   0.01457   0.00338   0.01742   0.00882   0.00729   0.00778   0.00226   0.01180   0.02819   0.04473   0.04461   0.01291   0.10982   0.01434   0.03004   0.00512   0.03618   0.02323   0.02847   0.01791   0.00751   0.00682   0.04318   0.02027   0.01454   0.01496   0.00180   0.01653   0.01289   0.00738   0.01087   0.01886   0.01156   0.00718   0.00710   0.03250   0.05177   0.00174   0.00479   0.11199   0.09394   0.04803   0.03229   0.00453   0.02102   0.02037   0.01573   0.01193   0.01016   0.00247   0.00210   0.08513   0.04952   0.02223   0.00968   0.02584   0.03613   0.01094   0.01805   0.01025   0.00442   0.00855   0.00976   0.01058   0.01463   0.00902   0.00617   0.00687   0.10371   0.12351   0.06172   0.05470   6.74980   0.83937  
 63 43263.6437 1170110.757580  x:  0.00450   0.01212   0.03063   0.04412   0.03543   0.00888   0.00729   0.00868   0.00468   0.01188   0.05095   0.04745   0.03619   0.02532   0.01566   0.01507   0.00293   0.01713   0.00924   0.00732   0.00766   0.00152   0.01264   0.02890   0.04456   0.04512   0.01349   0.10796   0.01542   0.03004   0.00474   0.03701   0.02285   0.02906   0.01799   0.00747   0.00680   0.03910   0.02224   0.01532   0.01323   0.00181   0.01658   0.01406   0.00770   0.00988   0.01902   0.01294   0.00715   0.00722   0.03298   0.05120   0.00140   0.00453   0.11008   0.09433   0.05000   0.03326   0.00437   0.02150   0.02196   0.01543   0.01070   0.01052   0.00225   0.00203   0.08564   0.04921   0.02404   0.00913   0.02738   0.03207   0.01020   0.01774   0.01020   0.00409   0.00901   0.00916   0.01077   0.01485   0.00915   0.00626   0.00696   0.11053   0.12129   0.06387   0.05381   6.83245   0.87291  
 64 125847.7980 1170000.901899  x:  0.00357   0.01319   0.02986   0.04446   0.03548   0.00872   0.00745   0.01052   0.00422   0.01140   0.05207   0.04771   0.03677   0.02472   0.01479   0.01489   0.00264   0.01821   0.00930   0.00736   0.00768   0.00122   0.01269   0.02883   0.04378   0.04524   0.01289   0.10764   0.01696   0.03070   0.00460   0.03808   0.02247   0.02966   0.01702   0.00749   0.00678   0.03612   0.02302   0.01452   0.01462   0.00176   0.01628   0.01356   0.00789   0.00988   0.01797   0.01148   0.00719   0.00718   0.03229   0.05182   0.00108   0.00363   0.11023   0.09369   0.05086   0.03281   0.00435   0.02219   0.02258   0.01503   0.01222   0.01012   0.00214   0.00198   0.08583   0.04947   0.02329   0.01038   0.02782   0.03205   0.01058   0.01686   0.01039   0.00386   0.00885   0.00937   0.01077   0.01439   0.00932   0.00628   0.00687   0.11164   0.12056   0.06387   0.05191   6.88087   0.89256  
 65 149424.7266 1169907.291668  x:  0.00419   0.01311   0.02870   0.04514   0.03518   0.00878   0.00735   0.00941   0.00433   0.01091   0.05393   0.04886   0.03680   0.02367   0.01559   0.01483   0.00250   0.01866   0.00925   0.00733   0.00763   0.00095   0.01207   0.02807   0.04327   0.04534   0.01130   0.10842   0.01771   0.03200   0.00438   0.03895   0.02227   0.02960   0.01720   0.00746   0.00675   0.03425   0.02200   0.01432   0.01477   0.00175   0.01634   0.01294   0.00785   0.00998   0.01810   0.01247   0.00713   0.00711   0.03061   0.05286   0.00066   0.00465   0.11208   0.09227   0.05087   0.03135   0.00435   0.02221   0.02144   0.01514   0.01098   0.01044   0.00196   0.00193   0.08583   0.05008   0.02126   0.00939   0.02803   0.03343   0.01036   0.01746   0.01021   0.00370   0.00884   0.00925   0.01080   0.01428   0.00926   0.00630   0.00684   0.10893   0.12083   0.06239   0.04958   6.92097   0.90883  
 66 102480.2552 1169861.283712  x:  0.00476   0.01242   0.02890   0.04524   0.03509   0.00872   0.00741   0.01030   0.00414   0.01117   0.05441   0.04947   0.03643   0.02435   0.01568   0.01501   0.00230   0.01790   0.00941   0.00736   0.00762   0.00072   0.01285   0.02765   0.04376   0.04554   0.01180   0.10951   0.01766   0.03238   0.00428   0.03879   0.02218   0.02888   0.01781   0.00744   0.00672   0.03461   0.02102   0.01518   0.01363   0.00175   0.01644   0.01384   0.00796   0.00947   0.01863   0.01189   0.00715   0.00712   0.02992   0.05304   0.00072   0.00413   0.11395   0.09076   0.05045   0.03059   0.00431   0.02193   0.02110   0.01541   0.01157   0.01032   0.00192   0.00191   0.08571   0.05050   0.02126   0.00944   0.02871   0.03316   0.01084   0.01777   0.01028   0.00357   0.00883   0.00929   0.01065   0.01453   0.00933   0.00632   0.00682   0.10488   0.12155   0.06097   0.04884   6.94106   0.91699  
 67 58338.2766 1169831.700284  x:  0.00487   0.01269   0.02949   0.04494   0.03522   0.00872   0.00742   0.00996   0.00418   0.01110   0.05383   0.04945   0.03620   0.02507   0.01515   0.01502   0.00224   0.01830   0.00939   0.00735   0.00759   0.00061   0.01255   0.02754   0.04457   0.04570   0.01225   0.11065   0.01756   0.03222   0.00428   0.03839   0.02215   0.02840   0.01775   0.00743   0.00670   0.03554   0.02098   0.01488   0.01459   0.00173   0.01619   0.01315   0.00793   0.00960   0.01843   0.01215   0.00715   0.00713   0.03003   0.05263   0.00060   0.00422   0.11580   0.08945   0.05015   0.03061   0.00427   0.02211   0.02169   0.01524   0.01121   0.01043   0.00187   0.00189   0.08560   0.05056   0.02216   0.00962   0.02923   0.03170   0.01038   0.01743   0.01026   0.00353   0.00883   0.00927   0.01079   0.01431   0.00933   0.00632   0.00683   0.10059   0.12241   0.06001   0.04932   6.95399   0.92224  
 68 38524.5788 1169825.986973  x:  0.00497   0.01283   0.02949   0.04476   0.03528   0.00872   0.00741   0.01003   0.00414   0.01105   0.05327   0.04918   0.03632   0.02472   0.01539   0.01499   0.00224   0.01853   0.00934   0.00735   0.00760   0.00062   0.01222   0.02765   0.04459   0.04560   0.01181   0.11098   0.01768   0.03216   0.00430   0.03841   0.02220   0.02864   0.01757   0.00743   0.00669   0.03550   0.02128   0.01462   0.01414   0.00173   0.01637   0.01346   0.00798   0.00958   0.01824   0.01209   0.00716   0.00711   0.03015   0.05229   0.00052   0.00438   0.11632   0.08915   0.05018   0.03091   0.00427   0.02216   0.02161   0.01520   0.01136   0.01038   0.00184   0.00189   0.08557   0.05024   0.02215   0.00956   0.02908   0.03131   0.01055   0.01751   0.01025   0.00351   0.00882   0.00926   0.01073   0.01439   0.00930   0.00632   0.00683   0.09941   0.12272   0.06008   0.05003   6.95648   0.92326  
 69 11335.6163 1169824.251099  x:  0.00505   0.01268   0.02938   0.04468   0.03529   0.00871   0.00741   0.01004   0.00413   0.01115   0.05291   0.04900   0.03642   0.02452   0.01544   0.01500   0.00222   0.01838   0.00938   0.00735   0.00759   0.00059   0.01246   0.02774   0.04443   0.04548   0.01175   0.11112   0.01781   0.03218   0.00426   0.03848   0.02220   0.02880   0.01756   0.00743   0.00669   0.03528   0.02135   0.01479   0.01432   0.00173   0.01632   0.01332   0.00794   0.00957   0.01834   0.01209   0.00715   0.00712   0.03016   0.05208   0.00056   0.00420   0.11651   0.08903   0.05022   0.03109   0.00426   0.02210   0.02148   0.01525   0.01131   0.01038   0.00185   0.00189   0.08557   0.04997   0.02200   0.00957   0.02900   0.03135   0.01053   0.01753   0.01025   0.00351   0.00882   0.00926   0.01073   0.01438   0.00931   0.00632   0.00682   0.09896   0.12286   0.06024   0.05054   6.95725   0.92357  
 70 5154.0510 1169824.029166  x:  0.00503   0.01272   0.02934   0.04469   0.03527   0.00871   0.00741   0.01003   0.00414   0.01115   0.05283   0.04895   0.03642   0.02461   0.01535   0.01498   0.00223   0.01838   0.00937   0.00735   0.00759   0.00060   0.01244   0.02773   0.04433   0.04544   0.01181   0.11115   0.01775   0.03220   0.00427   0.03850   0.02217   0.02876   0.01761   0.00742   0.00669   0.03515   0.02128   0.01477   0.01428   0.00173   0.01629   0.01335   0.00795   0.00956   0.01836   0.01209   0.00715   0.00711   0.03012   0.05204   0.00055   0.00428   0.11655   0.08902   0.05023   0.03110   0.00426   0.02210   0.02151   0.01523   0.01131   0.01039   0.00185   0.00189   0.08557   0.04990   0.02199   0.00961   0.02904   0.03148   0.01049   0.01752   0.01025   0.00351   0.00882   0.00926   0.01074   0.01435   0.00931   0.00632   0.00682   0.09889   0.12289   0.06031   0.05069   6.95734   0.92361  
 71 1378.4473 1169824.010308  x:  0.00503   0.01271   0.02933   0.04470   0.03527   0.00871   0.00741   0.01003   0.00414   0.01115   0.05282   0.04894   0.03641   0.02463   0.01536   0.01500   0.00223   0.01839   0.00937   0.00735   0.00759   0.00060   0.01242   0.02772   0.04431   0.04544   0.01182   0.11115   0.01774   0.03220   0.00427   0.03850   0.02216   0.02874   0.01760   0.00742   0.00669   0.03512   0.02128   0.01476   0.01429   0.00173   0.01630   0.01334   0.00795   0.00957   0.01834   0.01209   0.00715   0.00712   0.03011   0.05203   0.00055   0.00425   0.11655   0.08902   0.05022   0.03109   0.00426   0.02210   0.02152   0.01523   0.01130   0.01039   0.00185   0.00189   0.08557   0.04988   0.02201   0.00957   0.02904   0.03151   0.01051   0.01752   0.01025   0.00351   0.00882   0.00926   0.01074   0.01437   0.00931   0.00632   0.00682   0.09888   0.12289   0.06032   0.05071   6.95735   0.92361  
 72 454.6108 1169824.008818  x:  0.00503   0.01271   0.02934   0.04470   0.03526   0.00871   0.00741   0.01003   0.00414   0.01115   0.05282   0.04894   0.03641   0.02463   0.01537   0.01499   0.00223   0.01839   0.00937   0.00735   0.00759   0.00060   0.01243   0.02771   0.04431   0.04545   0.01181   0.11115   0.01775   0.03220   0.00427   0.03850   0.02217   0.02873   0.01760   0.00742   0.00669   0.03512   0.02128   0.01477   0.01429   0.00173   0.01630   0.01334   0.00795   0.00957   0.01834   0.01209   0.00715   0.00712   0.03011   0.05204   0.00055   0.00425   0.11655   0.08902   0.05022   0.03108   0.00426   0.02210   0.02152   0.01523   0.01131   0.01039   0.00185   0.00189   0.08557   0.04988   0.02203   0.00958   0.02904   0.03151   0.01051   0.01752   0.01025   0.00351   0.00882   0.00926   0.01074   0.01436   0.00931   0.00632   0.00682   0.09888   0.12289   0.06032   0.05071   6.95735   0.92361  
 73 96.1248 1169824.008486  x:  0.00503   0.01271   0.02934   0.04471   0.03526   0.00871   0.00741   0.01003   0.00414   0.01115   0.05283   0.04894   0.03640   0.02463   0.01537   0.01500   0.00223   0.01839   0.00937   0.00735   0.00759   0.00060   0.01242   0.02771   0.04431   0.04545   0.01181   0.11115   0.01775   0.03220   0.00427   0.03850   0.02217   0.02873   0.01760   0.00742   0.00669   0.03512   0.02129   0.01477   0.01429   0.00173   0.01630   0.01334   0.00795   0.00957   0.01834   0.01209   0.00715   0.00712   0.03011   0.05204   0.00055   0.00425   0.11655   0.08902   0.05021   0.03108   0.00426   0.02210   0.02151   0.01523   0.01131   0.01039   0.00185   0.00189   0.08557   0.04987   0.02203   0.00958   0.02904   0.03151   0.01051   0.01752   0.01025   0.00351   0.00882   0.00926   0.01074   0.01436   0.00931   0.00632   0.00682   0.09888   0.12289   0.06032   0.05071   6.95735   0.92361  
 74 41.5967 1169824.008093  x:  0.00503   0.01271   0.02934   0.04471   0.03526   0.00871   0.00741   0.01003   0.00414   0.01115   0.05283   0.04894   0.03640   0.02463   0.01537   0.01499   0.00223   0.01839   0.00937   0.00735   0.00759   0.00060   0.01243   0.02771   0.04431   0.04546   0.01182   0.11115   0.01774   0.03220   0.00427   0.03850   0.02216   0.02874   0.01760   0.00742   0.00669   0.03512   0.02128   0.01477   0.01429   0.00173   0.01630   0.01334   0.00795   0.00957   0.01834   0.01209   0.00715   0.00712   0.03012   0.05204   0.00055   0.00425   0.11655   0.08902   0.05021   0.03107   0.00426   0.02210   0.02151   0.01523   0.01131   0.01039   0.00185   0.00189   0.08557   0.04986   0.02203   0.00958   0.02904   0.03151   0.01051   0.01752   0.01025   0.00351   0.00882   0.00926   0.01074   0.01436   0.00931   0.00632   0.00682   0.09888   0.12289   0.06033   0.05071   6.95735   0.92362  
 75 18.8000 1169824.006896  x:  0.00503   0.01271   0.02933   0.04471   0.03526   0.00871   0.00741   0.01003   0.00414   0.01115   0.05283   0.04894   0.03641   0.02463   0.01537   0.01500   0.00223   0.01839   0.00937   0.00735   0.00759   0.00060   0.01242   0.02771   0.04430   0.04547   0.01182   0.11115   0.01774   0.03220   0.00427   0.03850   0.02216   0.02874   0.01759   0.00742   0.00669   0.03512   0.02128   0.01477   0.01429   0.00173   0.01630   0.01334   0.00795   0.00957   0.01834   0.01209   0.00715   0.00712   0.03011   0.05205   0.00055   0.00425   0.11655   0.08902   0.05021   0.03108   0.00426   0.02210   0.02152   0.01523   0.01131   0.01039   0.00185   0.00189   0.08557   0.04985   0.02202   0.00958   0.02904   0.03151   0.01051   0.01752   0.01025   0.00351   0.00882   0.00926   0.01074   0.01437   0.00931   0.00632   0.00682   0.09888   0.12289   0.06032   0.05071   6.95735   0.92362  
 76 19.1135 1169823.992542  x:  0.00504   0.01271   0.02931   0.04469   0.03527   0.00871   0.00741   0.01004   0.00414   0.01115   0.05286   0.04894   0.03644   0.02463   0.01536   0.01499   0.00223   0.01839   0.00937   0.00735   0.00759   0.00060   0.01242   0.02772   0.04429   0.04546   0.01181   0.11115   0.01776   0.03221   0.00427   0.03851   0.02218   0.02871   0.01760   0.00742   0.00669   0.03515   0.02128   0.01476   0.01429   0.00173   0.01630   0.01334   0.00795   0.00957   0.01835   0.01209   0.00715   0.00712   0.03010   0.05207   0.00055   0.00425   0.11655   0.08902   0.05023   0.03112   0.00426   0.02211   0.02152   0.01523   0.01130   0.01039   0.00185   0.00189   0.08557   0.04979   0.02206   0.00957   0.02905   0.03152   0.01051   0.01753   0.01025   0.00351   0.00882   0.00926   0.01073   0.01436   0.00931   0.00632   0.00682   0.09888   0.12289   0.06032   0.05071   6.95736   0.92362  
 77 36.8926 1169823.821332  x:  0.00497   0.01279   0.02938   0.04465   0.03531   0.00872   0.00741   0.01002   0.00414   0.01115   0.05292   0.04897   0.03643   0.02462   0.01544   0.01503   0.00222   0.01839   0.00937   0.00735   0.00759   0.00060   0.01247   0.02768   0.04431   0.04535   0.01178   0.11115   0.01775   0.03223   0.00427   0.03853   0.02214   0.02873   0.01770   0.00742   0.00669   0.03516   0.02129   0.01479   0.01429   0.00173   0.01637   0.01333   0.00795   0.00957   0.01835   0.01210   0.00715   0.00712   0.03008   0.05210   0.00055   0.00426   0.11655   0.08902   0.05023   0.03115   0.00426   0.02211   0.02151   0.01522   0.01130   0.01039   0.00185   0.00189   0.08557   0.04969   0.02211   0.00959   0.02904   0.03153   0.01051   0.01744   0.01026   0.00351   0.00883   0.00926   0.01075   0.01438   0.00931   0.00632   0.00682   0.09886   0.12288   0.06031   0.05070   6.95744   0.92367  
 78 65.4978 1169821.998246  x:  0.00510   0.01264   0.02981   0.04443   0.03551   0.00871   0.00740   0.01001   0.00415   0.01110   0.05324   0.04923   0.03620   0.02461   0.01537   0.01492   0.00223   0.01839   0.00937   0.00734   0.00759   0.00063   0.01240   0.02756   0.04458   0.04471   0.01183   0.11117   0.01773   0.03220   0.00428   0.03866   0.02192   0.02891   0.01759   0.00742   0.00669   0.03500   0.02130   0.01475   0.01429   0.00173   0.01612   0.01338   0.00795   0.00957   0.01830   0.01209   0.00715   0.00712   0.03010   0.05221   0.00057   0.00423   0.11658   0.08898   0.05022   0.03110   0.00425   0.02211   0.02151   0.01527   0.01130   0.01038   0.00186   0.00189   0.08556   0.04927   0.02217   0.00954   0.02901   0.03155   0.01053   0.01754   0.01025   0.00351   0.00882   0.00926   0.01073   0.01433   0.00931   0.00632   0.00682   0.09881   0.12288   0.06034   0.05076   6.95827   0.92418  
 79 614.0018 1169810.524040  x:  0.00515   0.01264   0.02941   0.04406   0.03516   0.00871   0.00741   0.01007   0.00417   0.01101   0.05365   0.04962   0.03588   0.02466   0.01508   0.01518   0.00221   0.01832   0.00941   0.00734   0.00759   0.00082   0.01243   0.02795   0.04526   0.04408   0.01201   0.11129   0.01780   0.03202   0.00420   0.03856   0.02261   0.02877   0.01701   0.00744   0.00670   0.03457   0.02127   0.01484   0.01428   0.00169   0.01723   0.01313   0.00796   0.00952   0.01847   0.01209   0.00715   0.00713   0.03032   0.05219   0.00062   0.00441   0.11675   0.08873   0.05010   0.03071   0.00430   0.02208   0.02152   0.01507   0.01129   0.01041   0.00191   0.00188   0.08543   0.04886   0.02203   0.00975   0.02909   0.03140   0.01035   0.01793   0.01026   0.00352   0.00883   0.00926   0.01071   0.01437   0.00933   0.00631   0.00683   0.09841   0.12279   0.06036   0.05091   6.96350   0.92745  
 80 2641.7804 1169771.260157  x:  0.00504   0.01320   0.02793   0.04402   0.03429   0.00864   0.00744   0.01003   0.00414   0.01116   0.05378   0.04977   0.03618   0.02464   0.01581   0.01451   0.00223   0.01825   0.00944   0.00731   0.00758   0.00140   0.01245   0.02875   0.04589   0.04451   0.01162   0.11166   0.01783   0.03204   0.00405   0.03800   0.02342   0.02833   0.01814   0.00742   0.00668   0.03432   0.02144   0.01492   0.01429   0.00159   0.01555   0.01341   0.00795   0.00946   0.01829   0.01207   0.00713   0.00715   0.03060   0.05188   0.00078   0.00415   0.11727   0.08782   0.04998   0.03022   0.00427   0.02212   0.02144   0.01528   0.01117   0.01045   0.00208   0.00188   0.08502   0.04918   0.02194   0.00940   0.02914   0.03101   0.01064   0.01719   0.01029   0.00357   0.00884   0.00924   0.01080   0.01425   0.00936   0.00628   0.00683   0.09694   0.12241   0.06015   0.05102   6.98187   0.93891  
 81 20648.7419 1169734.106551  x:  0.00561   0.01278   0.02893   0.04501   0.03511   0.00861   0.00744   0.01009   0.00416   0.01112   0.05282   0.04887   0.03699   0.02403   0.01542   0.01455   0.00223   0.01811   0.00955   0.00730   0.00759   0.00194   0.01263   0.02773   0.04441   0.04619   0.01151   0.11195   0.01821   0.03269   0.00400   0.03794   0.02122   0.02860   0.01820   0.00743   0.00671   0.03528   0.02153   0.01490   0.01432   0.00149   0.01627   0.01319   0.00805   0.00936   0.01808   0.01210   0.00713   0.00717   0.03006   0.05167   0.00096   0.00439   0.11771   0.08703   0.05018   0.03081   0.00427   0.02207   0.02125   0.01534   0.01107   0.01051   0.00224   0.00188   0.08460   0.05039   0.02204   0.00944   0.02914   0.03127   0.01062   0.01721   0.01034   0.00361   0.00886   0.00924   0.01085   0.01413   0.00942   0.00626   0.00684   0.09559   0.12200   0.05962   0.05069   6.99889   0.94952  
 82 33148.7525 1169731.434358  x:  0.00547   0.01309   0.02931   0.04505   0.03538   0.00861   0.00745   0.01003   0.00415   0.01132   0.05256   0.04875   0.03688   0.02423   0.01560   0.01455   0.00223   0.01814   0.00957   0.00731   0.00759   0.00198   0.01265   0.02740   0.04405   0.04636   0.01155   0.11195   0.01829   0.03272   0.00395   0.03826   0.02171   0.02886   0.01794   0.00744   0.00672   0.03544   0.02146   0.01496   0.01434   0.00149   0.01613   0.01322   0.00806   0.00934   0.01836   0.01209   0.00713   0.00718   0.02997   0.05178   0.00096   0.00436   0.11772   0.08696   0.05022   0.03095   0.00429   0.02213   0.02132   0.01522   0.01106   0.01054   0.00225   0.00188   0.08454   0.05048   0.02188   0.00940   0.02925   0.03133   0.01066   0.01743   0.01034   0.00362   0.00886   0.00925   0.01083   0.01415   0.00944   0.00626   0.00685   0.09546   0.12194   0.05953   0.05059   7.00012   0.95028  
 83 6497.3477 1169731.261043  x:  0.00551   0.01302   0.02934   0.04500   0.03541   0.00861   0.00745   0.01005   0.00416   0.01127   0.05248   0.04875   0.03678   0.02425   0.01556   0.01455   0.00222   0.01815   0.00957   0.00731   0.00759   0.00198   0.01265   0.02739   0.04400   0.04639   0.01154   0.11195   0.01829   0.03272   0.00394   0.03838   0.02184   0.02890   0.01801   0.00744   0.00671   0.03546   0.02144   0.01496   0.01434   0.00149   0.01616   0.01321   0.00806   0.00934   0.01828   0.01209   0.00713   0.00718   0.02998   0.05186   0.00097   0.00438   0.11772   0.08696   0.05022   0.03097   0.00428   0.02213   0.02132   0.01528   0.01106   0.01054   0.00226   0.00188   0.08454   0.05049   0.02186   0.00940   0.02928   0.03134   0.01066   0.01736   0.01035   0.00362   0.00886   0.00925   0.01084   0.01415   0.00944   0.00626   0.00685   0.09546   0.12194   0.05952   0.05058   7.00020   0.95033  
 84 1217.3711 1169731.237694  x:  0.00551   0.01302   0.02932   0.04495   0.03540   0.00861   0.00745   0.01005   0.00416   0.01129   0.05243   0.04876   0.03673   0.02424   0.01557   0.01455   0.00222   0.01815   0.00957   0.00731   0.00759   0.00198   0.01265   0.02742   0.04399   0.04641   0.01153   0.11195   0.01829   0.03272   0.00394   0.03843   0.02180   0.02888   0.01801   0.00744   0.00671   0.03546   0.02143   0.01495   0.01434   0.00149   0.01616   0.01322   0.00806   0.00934   0.01829   0.01209   0.00713   0.00718   0.03000   0.05193   0.00097   0.00438   0.11772   0.08696   0.05023   0.03098   0.00429   0.02213   0.02132   0.01526   0.01106   0.01054   0.00226   0.00188   0.08454   0.05050   0.02186   0.00940   0.02928   0.03133   0.01066   0.01737   0.01035   0.00362   0.00886   0.00925   0.01084   0.01415   0.00944   0.00626   0.00685   0.09546   0.12194   0.05951   0.05057   7.00021   0.95034  
 85 358.2110 1169731.236615  x:  0.00551   0.01302   0.02932   0.04495   0.03540   0.00861   0.00745   0.01005   0.00416   0.01128   0.05242   0.04876   0.03674   0.02424   0.01557   0.01455   0.00222   0.01815   0.00957   0.00731   0.00759   0.00198   0.01265   0.02742   0.04399   0.04641   0.01153   0.11195   0.01829   0.03272   0.00394   0.03842   0.02180   0.02888   0.01800   0.00744   0.00671   0.03546   0.02143   0.01496   0.01434   0.00149   0.01616   0.01322   0.00806   0.00934   0.01829   0.01209   0.00713   0.00718   0.03000   0.05195   0.00097   0.00437   0.11772   0.08696   0.05023   0.03098   0.00429   0.02213   0.02132   0.01527   0.01106   0.01054   0.00226   0.00188   0.08454   0.05050   0.02186   0.00940   0.02928   0.03133   0.01066   0.01737   0.01035   0.00362   0.00886   0.00925   0.01084   0.01415   0.00944   0.00626   0.00685   0.09546   0.12194   0.05951   0.05057   7.00021   0.95034  
 86 94.9790 1169731.236302  x:  0.00551   0.01302   0.02932   0.04495   0.03540   0.00861   0.00745   0.01005   0.00416   0.01128   0.05241   0.04877   0.03674   0.02424   0.01557   0.01455   0.00222   0.01815   0.00957   0.00731   0.00759   0.00198   0.01265   0.02742   0.04399   0.04641   0.01153   0.11195   0.01829   0.03272   0.00394   0.03841   0.02180   0.02888   0.01800   0.00744   0.00671   0.03546   0.02143   0.01496   0.01434   0.00149   0.01616   0.01322   0.00806   0.00934   0.01829   0.01209   0.00713   0.00718   0.03000   0.05196   0.00097   0.00438   0.11772   0.08696   0.05022   0.03097   0.00429   0.02213   0.02132   0.01527   0.01106   0.01054   0.00226   0.00188   0.08454   0.05050   0.02186   0.00940   0.02928   0.03133   0.01066   0.01737   0.01035   0.00362   0.00886   0.00925   0.01084   0.01415   0.00944   0.00626   0.00685   0.09546   0.12194   0.05951   0.05057   7.00021   0.95034  
 87 38.9080 1169731.236184  x:  0.00551   0.01302   0.02932   0.04495   0.03540   0.00861   0.00745   0.01005   0.00416   0.01128   0.05241   0.04877   0.03674   0.02424   0.01557   0.01455   0.00222   0.01815   0.00957   0.00731   0.00759   0.00198   0.01265   0.02742   0.04399   0.04641   0.01153   0.11195   0.01829   0.03272   0.00394   0.03841   0.02180   0.02888   0.01800   0.00744   0.00671   0.03546   0.02143   0.01496   0.01434   0.00149   0.01616   0.01322   0.00806   0.00934   0.01829   0.01209   0.00713   0.00718   0.03000   0.05196   0.00097   0.00437   0.11772   0.08696   0.05022   0.03097   0.00429   0.02213   0.02132   0.01527   0.01106   0.01054   0.00226   0.00188   0.08454   0.05050   0.02186   0.00940   0.02928   0.03133   0.01066   0.01737   0.01035   0.00362   0.00886   0.00925   0.01084   0.01415   0.00944   0.00626   0.00685   0.09546   0.12194   0.05951   0.05057   7.00021   0.95034  
 88  5.1133 1169731.232925  x:  0.00551   0.01302   0.02931   0.04499   0.03540   0.00861   0.00745   0.01005   0.00416   0.01129   0.05240   0.04875   0.03674   0.02424   0.01557   0.01455   0.00222   0.01815   0.00957   0.00731   0.00759   0.00198   0.01265   0.02741   0.04401   0.04639   0.01153   0.11195   0.01829   0.03273   0.00394   0.03842   0.02180   0.02888   0.01800   0.00744   0.00671   0.03546   0.02143   0.01496   0.01434   0.00149   0.01616   0.01322   0.00806   0.00934   0.01829   0.01209   0.00713   0.00718   0.03000   0.05197   0.00097   0.00438   0.11772   0.08696   0.05023   0.03098   0.00429   0.02213   0.02132   0.01527   0.01106   0.01054   0.00226   0.00188   0.08454   0.05049   0.02186   0.00940   0.02928   0.03133   0.01066   0.01737   0.01035   0.00362   0.00886   0.00925   0.01084   0.01415   0.00944   0.00626   0.00685   0.09546   0.12194   0.05951   0.05057   7.00021   0.95034  
 89  9.5521 1169730.996329  x:  0.00552   0.01307   0.02941   0.04508   0.03542   0.00861   0.00745   0.01004   0.00417   0.01129   0.05237   0.04871   0.03669   0.02425   0.01556   0.01456   0.00222   0.01813   0.00957   0.00731   0.00759   0.00198   0.01264   0.02770   0.04407   0.04638   0.01153   0.11193   0.01830   0.03273   0.00394   0.03839   0.02182   0.02893   0.01802   0.00744   0.00672   0.03546   0.02145   0.01497   0.01435   0.00149   0.01616   0.01322   0.00807   0.00935   0.01824   0.01210   0.00713   0.00718   0.02982   0.05199   0.00097   0.00437   0.11770   0.08695   0.05022   0.03099   0.00428   0.02214   0.02133   0.01527   0.01106   0.01054   0.00226   0.00188   0.08452   0.05049   0.02190   0.00940   0.02929   0.03140   0.01066   0.01742   0.01035   0.00362   0.00886   0.00925   0.01084   0.01416   0.00944   0.00626   0.00685   0.09546   0.12191   0.05950   0.05055   7.00028   0.95050  
 90 11.4116 1169726.822092  x:  0.00552   0.01260   0.02953   0.04513   0.03543   0.00860   0.00745   0.01012   0.00420   0.01129   0.05237   0.04868   0.03661   0.02433   0.01579   0.01447   0.00222   0.01835   0.00955   0.00730   0.00760   0.00199   0.01248   0.02808   0.04415   0.04631   0.01155   0.11185   0.01828   0.03273   0.00393   0.03831   0.02184   0.02898   0.01769   0.00745   0.00672   0.03551   0.02149   0.01476   0.01435   0.00148   0.01618   0.01322   0.00813   0.00929   0.01893   0.01201   0.00713   0.00718   0.02967   0.05201   0.00099   0.00454   0.11753   0.08686   0.05019   0.03097   0.00430   0.02211   0.02132   0.01520   0.01105   0.01055   0.00227   0.00188   0.08432   0.05043   0.02195   0.00938   0.02929   0.03161   0.01069   0.01679   0.01038   0.00367   0.00887   0.00925   0.01094   0.01413   0.00944   0.00625   0.00685   0.09555   0.12160   0.05953   0.05058   7.00146   0.95330  
 91 544.9752 1169654.589950  x:  0.00594   0.01342   0.02913   0.04435   0.03500   0.00845   0.00745   0.01003   0.00466   0.01118   0.05290   0.04899   0.03605   0.02411   0.01536   0.01496   0.00239   0.01784   0.00949   0.00715   0.00755   0.00199   0.01227   0.02788   0.04448   0.04504   0.01221   0.11040   0.01753   0.03253   0.00371   0.03770   0.02213   0.02925   0.01732   0.00747   0.00669   0.03641   0.02185   0.01455   0.01406   0.00141   0.01631   0.01338   0.00814   0.00941   0.01815   0.01199   0.00717   0.00722   0.03161   0.05207   0.00098   0.00480   0.11458   0.08522   0.04982   0.03046   0.00425   0.02185   0.02151   0.01516   0.01089   0.01063   0.00235   0.00188   0.08083   0.04958   0.02183   0.00919   0.02876   0.03344   0.01062   0.01722   0.01048   0.00418   0.00893   0.00922   0.01093   0.01443   0.00943   0.00609   0.00695   0.09727   0.11627   0.06030   0.05149   7.02245   1.00277  
 92 13701.4583 1169654.589672  x:  0.00594   0.01342   0.02912   0.04435   0.03501   0.00845   0.00745   0.01003   0.00466   0.01118   0.05290   0.04900   0.03605   0.02411   0.01536   0.01496   0.00239   0.01784   0.00949   0.00715   0.00755   0.00199   0.01227   0.02788   0.04448   0.04504   0.01221   0.11040   0.01753   0.03253   0.00371   0.03770   0.02213   0.02925   0.01732   0.00747   0.00669   0.03641   0.02185   0.01455   0.01406   0.00141   0.01631   0.01338   0.00814   0.00941   0.01815   0.01199   0.00717   0.00722   0.03160   0.05207   0.00098   0.00480   0.11458   0.08522   0.04982   0.03046   0.00425   0.02185   0.02151   0.01516   0.01089   0.01063   0.00235   0.00188   0.08083   0.04958   0.02183   0.00919   0.02876   0.03344   0.01062   0.01722   0.01048   0.00418   0.00893   0.00922   0.01093   0.01443   0.00943   0.00609   0.00695   0.09727   0.11627   0.06030   0.05149   7.02245   1.00277  
 93 35.2226 1169642.897723  x:  0.00581   0.01325   0.02906   0.04427   0.03482   0.00858   0.00735   0.00980   0.00444   0.01114   0.05255   0.04861   0.03587   0.02407   0.01529   0.01478   0.00245   0.01770   0.00930   0.00718   0.00758   0.00201   0.01232   0.02768   0.04400   0.04486   0.01212   0.10961   0.01706   0.03235   0.00405   0.03774   0.02215   0.02889   0.01724   0.00743   0.00667   0.03585   0.02165   0.01454   0.01407   0.00154   0.01624   0.01332   0.00795   0.00965   0.01819   0.01198   0.00716   0.00720   0.03091   0.05177   0.00105   0.00483   0.11359   0.08474   0.04983   0.03086   0.00428   0.02170   0.02141   0.01521   0.01108   0.01043   0.00232   0.00192   0.08051   0.04944   0.02206   0.00937   0.02825   0.03262   0.01050   0.01715   0.01031   0.00382   0.00884   0.00918   0.01078   0.01436   0.00925   0.00613   0.00693   0.09659   0.11580   0.05981   0.05102   6.98607   1.01989  
 94  0.0327 1169642.009389  x:  0.00579   0.01320   0.02908   0.04430   0.03489   0.00859   0.00737   0.00980   0.00446   0.01117   0.05254   0.04865   0.03599   0.02407   0.01532   0.01478   0.00244   0.01778   0.00929   0.00721   0.00757   0.00195   0.01235   0.02772   0.04404   0.04499   0.01208   0.10980   0.01706   0.03236   0.00404   0.03775   0.02215   0.02893   0.01732   0.00744   0.00669   0.03598   0.02164   0.01460   0.01410   0.00156   0.01624   0.01334   0.00794   0.00959   0.01820   0.01198   0.00714   0.00719   0.03093   0.05181   0.00106   0.00474   0.11396   0.08484   0.04989   0.03077   0.00429   0.02175   0.02142   0.01520   0.01109   0.01042   0.00231   0.00193   0.08082   0.04953   0.02201   0.00938   0.02823   0.03267   0.01052   0.01720   0.01030   0.00396   0.00885   0.00920   0.01078   0.01437   0.00926   0.00615   0.00691   0.09650   0.11624   0.05979   0.05104   6.96757   1.02395  
 95  0.0157 1169641.907466  x:  0.00579   0.01320   0.02908   0.04430   0.03489   0.00857   0.00737   0.00982   0.00447   0.01119   0.05253   0.04862   0.03599   0.02407   0.01532   0.01479   0.00245   0.01779   0.00931   0.00721   0.00757   0.00191   0.01235   0.02771   0.04403   0.04500   0.01208   0.10975   0.01710   0.03233   0.00403   0.03773   0.02214   0.02894   0.01733   0.00744   0.00669   0.03601   0.02164   0.01459   0.01410   0.00155   0.01624   0.01332   0.00795   0.00957   0.01820   0.01197   0.00714   0.00719   0.03094   0.05181   0.00106   0.00475   0.11389   0.08492   0.04983   0.03076   0.00429   0.02176   0.02141   0.01520   0.01106   0.01043   0.00231   0.00193   0.08074   0.04953   0.02200   0.00936   0.02826   0.03268   0.01052   0.01719   0.01031   0.00391   0.00885   0.00920   0.01079   0.01436   0.00927   0.00615   0.00691   0.09651   0.11624   0.05979   0.05102   6.96350   1.02489  
 96  0.0035 1169641.896394  x:  0.00579   0.01320   0.02909   0.04430   0.03489   0.00857   0.00737   0.00983   0.00446   0.01118   0.05252   0.04861   0.03598   0.02407   0.01532   0.01479   0.00245   0.01779   0.00931   0.00720   0.00757   0.00189   0.01236   0.02770   0.04402   0.04500   0.01208   0.10973   0.01711   0.03233   0.00404   0.03774   0.02213   0.02894   0.01733   0.00744   0.00669   0.03599   0.02164   0.01459   0.01410   0.00155   0.01623   0.01332   0.00795   0.00959   0.01820   0.01197   0.00714   0.00719   0.03093   0.05181   0.00106   0.00475   0.11386   0.08489   0.04984   0.03078   0.00429   0.02175   0.02141   0.01521   0.01107   0.01043   0.00231   0.00193   0.08073   0.04953   0.02200   0.00937   0.02827   0.03267   0.01052   0.01719   0.01031   0.00392   0.00885   0.00920   0.01079   0.01436   0.00927   0.00614   0.00691   0.09651   0.11622   0.05979   0.05102   6.96375   1.02481  
 97  0.0002 1169641.895101  x:  0.00579   0.01321   0.02909   0.04430   0.03489   0.00857   0.00737   0.00982   0.00446   0.01118   0.05252   0.04861   0.03598   0.02407   0.01532   0.01479   0.00245   0.01778   0.00931   0.00721   0.00757   0.00188   0.01236   0.02770   0.04402   0.04500   0.01208   0.10974   0.01711   0.03233   0.00404   0.03774   0.02213   0.02894   0.01733   0.00744   0.00669   0.03600   0.02164   0.01459   0.01410   0.00155   0.01624   0.01333   0.00795   0.00959   0.01820   0.01197   0.00714   0.00719   0.03093   0.05181   0.00106   0.00475   0.11387   0.08489   0.04984   0.03078   0.00429   0.02175   0.02141   0.01521   0.01107   0.01043   0.00231   0.00193   0.08074   0.04954   0.02200   0.00937   0.02827   0.03267   0.01052   0.01719   0.01031   0.00392   0.00885   0.00920   0.01079   0.01436   0.00927   0.00614   0.00691   0.09650   0.11622   0.05979   0.05102   6.96427   1.02473  
 98  0.0004 1169641.895035  x:  0.00579   0.01320   0.02909   0.04430   0.03489   0.00857   0.00737   0.00982   0.00447   0.01118   0.05252   0.04861   0.03598   0.02407   0.01532   0.01479   0.00245   0.01779   0.00931   0.00721   0.00757   0.00188   0.01236   0.02770   0.04402   0.04500   0.01208   0.10974   0.01711   0.03233   0.00404   0.03774   0.02213   0.02894   0.01733   0.00744   0.00669   0.03600   0.02164   0.01459   0.01410   0.00155   0.01624   0.01332   0.00795   0.00959   0.01820   0.01197   0.00714   0.00719   0.03093   0.05181   0.00106   0.00475   0.11387   0.08489   0.04984   0.03078   0.00429   0.02175   0.02141   0.01521   0.01107   0.01043   0.00231   0.00193   0.08074   0.04954   0.02200   0.00937   0.02827   0.03267   0.01052   0.01719   0.01031   0.00392   0.00885   0.00920   0.01079   0.01436   0.00927   0.00614   0.00691   0.09650   0.11622   0.05979   0.05102   6.96442   1.02473  
 99  0.0002 1169641.895027  x:  0.00579   0.01320   0.02909   0.04430   0.03489   0.00857   0.00737   0.00982   0.00447   0.01118   0.05252   0.04861   0.03598   0.02407   0.01532   0.01479   0.00245   0.01779   0.00931   0.00721   0.00757   0.00188   0.01236   0.02770   0.04402   0.04500   0.01208   0.10974   0.01711   0.03233   0.00404   0.03774   0.02213   0.02894   0.01733   0.00744   0.00669   0.03600   0.02164   0.01459   0.01410   0.00155   0.01624   0.01332   0.00795   0.00959   0.01820   0.01197   0.00714   0.00719   0.03093   0.05181   0.00106   0.00475   0.11387   0.08489   0.04984   0.03078   0.00429   0.02175   0.02141   0.01521   0.01107   0.01043   0.00231   0.00193   0.08074   0.04954   0.02200   0.00937   0.02827   0.03267   0.01052   0.01719   0.01031   0.00392   0.00885   0.00920   0.01079   0.01436   0.00927   0.00614   0.00691   0.09650   0.11622   0.05979   0.05102   6.96446   1.02473  
100  0.0001 1169641.895026  x:  0.00579   0.01320   0.02909   0.04430   0.03489   0.00857   0.00737   0.00982   0.00447   0.01118   0.05252   0.04861   0.03598   0.02407   0.01532   0.01479   0.00245   0.01779   0.00931   0.00721   0.00757   0.00188   0.01236   0.02770   0.04402   0.04500   0.01208   0.10974   0.01711   0.03233   0.00404   0.03774   0.02213   0.02894   0.01733   0.00744   0.00669   0.03600   0.02164   0.01459   0.01410   0.00155   0.01624   0.01332   0.00795   0.00959   0.01820   0.01197   0.00714   0.00719   0.03093   0.05181   0.00106   0.00475   0.11387   0.08489   0.04984   0.03078   0.00429   0.02175   0.02141   0.01521   0.01107   0.01043   0.00231   0.00193   0.08074   0.04954   0.02200   0.00937   0.02827   0.03267   0.01052   0.01719   0.01031   0.00392   0.00885   0.00920   0.01079   0.01436   0.00927   0.00614   0.00691   0.09651   0.11622   0.05979   0.05102   6.96447   1.02473  