
 45

((((t45: 0.037291, (t5: 0.006878, t17: 0.006550): 0.026649): 0.022863, (((t2: 0.042239, t39: 0.036720): 0.008909, (t9: 0.020738, (t10: 0.012156, (t15: 0.016241, (t40: 0.006964, t19: 0.006327): 0.007856): 0.001731): 0.011975): 0.031209): 0.002915, (((t20: 0.034660, t38: 0.039199): 0.021514, (t37: 0.085402, (t42: 0.031471, (t34: 0.034559, (t27: 0.025242, (t36: 0.006153, t12: 0.007097): 0.013692): 0.018462): 0.004217): 0.013046): 0.008535): 0.010507, (((t26: 0.013913, (t31: 0.017508, t35: 0.012629): 0.001908): 0.012661, ((t11: 0.015767, (t7: 0.007458, t6: 0.007309): 0.010727): 0.010243, t21: 0.038705): 0.004459): 0.018359, t32: 0.046244): 0.028143): 0.000815): 0.007158): 0.011481, ((t4: 0.090083, (t3: 0.038022, ((t41: 0.018731, t25: 0.016922): 0.002519, (t1: 0.010216, (t13: 0.003092, t44: 0.002623): 0.008586): 0.013369): 0.026724): 0.068219): 0.003272, (t14: 0.039959, ((t24: 0.020762, t18: 0.024432): 0.006825, ((t23: 0.007713, (t43: 0.006367, t8: 0.006113): 0.002927): 0.011928, (t30: 0.011709, (t22: 0.004866, t16: 0.005477): 0.007980): 0.009792): 0.008339): 0.016711): 0.060469): 0.000900): 0.003701, t33: 0.073399, (t28: 0.044419, t29: 0.039224): 0.091813);

  0.003701  0.011481  0.022863  0.037291  0.026649  0.006878  0.006550  0.007158  0.002915  0.008909  0.042239  0.036720  0.031209  0.020738  0.011975  0.012156  0.001731  0.016241  0.007856  0.006964  0.006327  0.000815  0.010507  0.021514  0.034660  0.039199  0.008535  0.085402  0.013046  0.031471  0.004217  0.034559  0.018462  0.025242  0.013692  0.006153  0.007097  0.028143  0.018359  0.012661  0.013913  0.001908  0.017508  0.012629  0.004459  0.010243  0.015767  0.010727  0.007458  0.007309  0.038705  0.046244  0.000900  0.003272  0.090083  0.068219  0.038022  0.026724  0.002519  0.018731  0.016922  0.013369  0.010216  0.008586  0.003092  0.002623  0.060469  0.039959  0.016711  0.006825  0.020762  0.024432  0.008339  0.011928  0.007713  0.002927  0.006367  0.006113  0.009792  0.011709  0.007980  0.004866  0.005477  0.073399  0.091813  0.044419  0.039224

 -0.088439 -0.067042  0.000000 -0.005612 -0.007654 -0.164470 -0.146307 -0.183496 -0.657576 -0.104426 -0.023456 -0.018809 -0.009031 -0.074133 -0.121077 -0.054058 -1.821366 -0.027780 -0.125904 -0.198272 -0.109899 -4.143046 -0.065379 -0.016240 -0.008439 -0.010082 -0.082244 -0.005899 -0.029304  0.000000 -0.099697 -0.025600  0.052009 -0.034632 -0.038472 -0.240085 -0.138714  0.051802 -0.005144 -0.079035 -0.039325 -1.685970 -0.048053 -0.074151 -0.202533 -0.134249 -0.058450 -0.126986 -0.163219 -0.184913 -0.025217  0.000000 -2.065386 -0.153747 -0.007743  0.000000  0.000000 -0.015024 -0.564647 -0.021141 -0.012306  0.000000 -0.054738 -0.129275 -0.669646 -0.773878 -0.019211 -0.023508  0.000000 -0.057524  0.058449  0.052274 -0.109103 -0.044292 -0.173286 -1.194418  0.096881 -0.269310 -0.055338 -0.057246 -0.080268 -0.324964 -0.220274 -0.007592 -0.014928  0.005852  0.005041


Hessian

   -5.8e+06 -1.766e+05       2851  -1.21e+04   1.53e+04  6.402e+04  8.859e+04 -8.146e+04  -5.01e+04 -4.853e+04       5294   2.76e+04 -1.791e+04  3.216e+04  1.259e+04  6.033e+04  7.658e+04  3.183e+04     -122.6  3.528e+04  3.676e+04 -1.426e+05 -3.291e+04       7207  2.296e+04      -1983 -3.171e+04      611.5      -5245  1.285e+04 -3.922e+04       8988      -1364  2.962e+04  4.183e+04 -3.087e+04      -1305      -3097      -3796   1.27e+04  5.601e+04  3.932e+04  3.446e+04       9083       5809  2.807e+04  3.194e+04  2.565e+04       1741  1.567e+04       44.2       7837 -2.824e+05 -7.419e+04     -332.1       2432  2.091e+04  2.785e+04  3.493e+04  1.841e+04  3.907e+04  4.239e+04  5.996e+04  2.648e+04   4.06e+04  2.435e+04 -1.032e+04  2.251e+04  2.977e+04  1.423e+04   1.88e+04  2.047e+04 -2.201e+04      -8295  4.459e+04  6.053e+04  4.034e+04 -5.909e+04       7609       9390  4.149e+04  -5.22e+04  4.666e+04 -4.451e+05 -2.648e+05       8028 -2.421e+04
 -1.766e+05 -4.788e+06 -4.331e+04 -3.153e+04      -2996       4802       9638 -5.004e+05  -1.37e+05 -6.802e+04 -1.835e+04 -4.577e+04 -4.057e+04       3313  1.417e+04  1.532e+04  2.773e+04       7472      -6420 -6.492e+04 -2.706e+04 -1.651e+05 -1.304e+05       3634 -2.623e+04      -3891  -5.23e+04      -1121 -4.206e+04 -2.571e+04 -1.625e+04     -978.3 -1.637e+04 -1.496e+04  -1.14e+04       9029  -2.58e+04 -7.802e+04 -1.842e+04 -1.447e+04 -1.454e+04 -2.343e+04   2.62e+04 -1.229e+04 -3.278e+04   1.05e+04  -1.76e+04      -6966 -3.325e+04  2.919e+04      -1021 -3.588e+04 -1.044e+06 -1.884e+05 -1.454e+04 -4.369e+04       5822      -7068       2824  1.979e+04  2.392e+04  3.915e+04  2.446e+04  1.642e+04  3.303e+04  4.266e+04 -4.511e+04      678.5 -1.471e+04      -8939 -2.796e+04      -8652 -1.181e+04  1.228e+04       7136  1.236e+04 -1.575e+04 -3.181e+04       1747       5932  3.461e+04  1.624e+04   3.36e+04 -4.213e+04      -5909       9436  1.862e+04
       2851 -4.331e+04  -2.56e+06 -7.008e+04 -1.238e+05 -2.567e+04 -5.126e+04 -2.397e+05 -8.798e+04 -2.842e+04      367.5      -9432 -4.215e+04      -3188      -7648 -1.448e+04  1.444e+04      -9289 -1.204e+04 -1.361e+04  2.628e+04 -1.555e+05 -5.896e+04 -1.594e+04 -1.194e+04       1020 -1.805e+04  1.287e+04 -1.723e+04       -815      -8524       5247      705.8  1.491e+04  2.538e+04  3.344e+04       9501 -2.804e+04      -1738       9073 -1.355e+04  1.023e+04  1.733e+04  1.377e+04  2.837e+04  2.554e+04 -2.397e+04      -2904 -3.097e+04  1.607e+04  -1.44e+04  -1.55e+04 -3.164e+04 -5.148e+04      -3158       1457  1.321e+04  1.052e+04 -1.466e+04  1.099e+04   2.33e+04  1.378e+04       1951      -6235 -4.003e+04  7.113e+04  1.144e+04  2.121e+04  1.606e+04  1.737e+04  1.556e+04      -8901  2.172e+04  1.579e+04  1.885e+04 -3.117e+04      -8767  2.409e+04  1.773e+04  1.716e+04       4724  1.119e+04       7172      -4032  1.022e+04  1.031e+04  2.736e+04
  -1.21e+04 -3.153e+04 -7.008e+04 -1.664e+06 -5.971e+04      -3713 -3.343e+04 -2.201e+04 -5.621e+04 -1.091e+04       4762      484.6      -3327  3.019e+04  1.513e+04  2.761e+04  2.862e+04  2.422e+04  3.137e+04  1.801e+04       8529 -1.075e+04  -1.43e+04 -1.051e+04  1.648e+04  1.612e+04  2.568e+04  1.604e+04       3758       3405  1.189e+04  1.907e+04       8780   1.95e+04  1.297e+04  4.334e+04   2.81e+04  1.024e+04  1.557e+04       4466  1.215e+04  2.613e+04  1.931e+04  1.421e+04      -7032       2632  1.162e+04  1.696e+04  3.791e+04  2.273e+04      -4904       2852      -7747  2.378e+04   1.62e+04  1.579e+04  1.141e+04       7817   2.84e+04  1.889e+04   2.94e+04   3.07e+04  1.052e+04  3.166e+04 -2.707e+04 -3.545e+04  1.001e+04  2.519e+04  3.201e+04  1.499e+04  1.322e+04   2.79e+04  2.008e+04  5.201e+04  1.486e+04       3172       7187       1458 -1.703e+04  3.542e+04 -3.231e+04  3.199e+04    3.3e+04       7263  1.344e+04  2.147e+04  1.256e+04
   1.53e+04      -2996 -1.238e+05 -5.971e+04  -2.28e+06  -2.68e+04 -4.676e+04 -4.537e+04     -879.8 -1.626e+04      970.5      -2927 -1.284e+04       6003 -1.068e+04 -1.386e+04 -1.048e+04 -8.356e+04  2.066e+04  3.897e+04   1.15e+04  1.318e+04  1.052e+04 -1.628e+04       8761  1.531e+04       3916  1.763e+04       7658  1.624e+04  1.784e+04       2975      871.8       3609       2896   3.49e+04  1.735e+04     -338.1  3.391e+04   2.26e+04  2.168e+04  5.461e+04  1.329e+04  3.016e+04       9482      -4399 -5.819e+04  4.171e+04  2.987e+04  2.724e+04       7250   1.08e+04  2.475e+04       2266  1.474e+04       1770       5909  2.187e+04  2.548e+04  1.058e+04    1.5e+04      -1108  3.059e+04  3.904e+04  4.328e+04  1.777e+04  1.106e+04  2.089e+04  2.509e+04  4.196e+04  1.748e+04  1.761e+04  1.279e+04  3.302e+04       8248  4.536e+04   3.05e+04 -1.608e+04      -1027  1.488e+04  -7.41e+04 -4.182e+04  5.098e+04  1.245e+04   2.39e+04      -7020  2.314e+04
  6.402e+04       4802 -2.567e+04      -3713  -2.68e+04 -9.468e+06 -9.735e+05 -1.545e+05  2.389e+04  4.907e+04 -1.732e+04  2.496e+04      481.9 -3.943e+04  2.992e+04 -3.977e+04 -9.828e+04 -4.478e+04 -3.804e+04 -6.695e+04  4.012e+04  2.436e+04 -7.262e+04      -2613      -6304  2.618e+04      -3128  1.199e+04  6.132e+04      -3806  6.494e+04      -9093  2.937e+04       9766  3.389e+04  1.138e+04 -1.083e+04       5462  4.071e+04      -2730  4.013e+04  8.063e+04 -4.111e+04  2.052e+04  1.754e+04  2.536e+04  -4.97e+04 -3.897e+04  6.392e+04  3.093e+04       5844  1.029e+04      -1692  4.868e+04  3.126e+04   2.42e+04  2.888e+04  1.991e+04       4367   2.12e+04 -4.913e+04  1.493e+04  6.275e+04  2.845e+04  3.949e+04  4.136e+04  2.261e+04  3.224e+04  4.585e+04       6374  2.798e+04 -3.712e+04  4.479e+04  6.818e+04  6.077e+04  9.459e+04  5.992e+04 -4.969e+04 -1.965e+04  3.989e+04  5.903e+04  2.925e+04  1.258e+05  1.083e+04  2.714e+04  4.001e+04  2.066e+04
  8.859e+04       9638 -5.126e+04 -3.343e+04 -4.676e+04 -9.735e+05  -9.86e+06  2.061e+04   1.68e+04  -7.36e+04  1.354e+04 -2.135e+04  4.567e+04 -1.879e+04       8410 -2.993e+04      58.45  -7.18e+04 -1.847e+04 -1.027e+05 -5.471e+04    8.3e+04 -2.195e+04 -3.023e+04  1.845e+04   1.72e+04 -1.406e+04  2.622e+04  1.077e+04      -6172  3.839e+04 -3.683e+04 -1.353e+04      -3482 -3.057e+04  2.903e+04      893.7  2.185e+04       6601      -3932      396.8  -3.71e+04 -8.928e+04   3.01e+04 -3.025e+04  1.056e+04  1.976e+04  2.887e+04      -8743 -1.044e+05  1.388e+04      -6340      -9503  5.362e+04  2.284e+04  3.132e+04  1.703e+04  1.398e+04 -2.065e+04       7218 -1.091e+04      -4097   3.79e+04 -3.864e+04 -1.712e+05   1.24e+05  1.269e+04  3.191e+04  1.669e+04       5721      -7179 -2.289e+04   7.22e+04       3529 -6.405e+04   2.75e+04  6.502e+04 -4.379e+04  2.357e+04 -2.724e+04  5.439e+04      -4081  9.726e+04  3.336e+04  2.392e+04  3.786e+04  1.507e+04
 -8.146e+04 -5.004e+05 -2.397e+05 -2.201e+04 -4.537e+04 -1.545e+05  2.061e+04  -7.59e+06 -6.096e+05 -1.153e+05 -4.148e+04 -4.029e+04 -5.162e+04       6547       2621 -1.764e+04  5.414e+04 -1.924e+04 -1.419e+04   2.17e+04  -4.16e+04 -6.727e+05 -1.957e+05      -1561 -1.342e+04  -1.02e+04 -1.573e+05      -1600 -9.414e+04 -2.407e+04 -7.204e+04  -4.06e+04 -5.264e+04 -4.565e+04 -3.548e+04       2627      -4489 -1.448e+05 -6.812e+04 -2.479e+04 -1.866e+04 -6.788e+04 -5.471e+04 -5.188e+04      -9101 -6.053e+04  -6.83e+04  2.558e+04 -5.289e+04 -4.756e+04 -1.457e+04 -5.115e+04 -1.897e+05 -6.522e+04      -9399 -1.988e+04 -1.088e+04       8328 -6.929e+04  1.267e+04      -3089  3.611e+04  2.488e+04       1819 -1.536e+05      -1085 -2.569e+04  3.293e+04       8640       7144       1549       3344 -2.481e+04  5.264e+04   1.78e+04 -7.356e+04  1.743e+04 -9.465e+04       8626  2.383e+04  2.272e+04  3.222e+04 -2.712e+04 -2.837e+04      -3284  3.117e+04  3.437e+04
  -5.01e+04  -1.37e+05 -8.798e+04 -5.621e+04     -879.8  2.389e+04   1.68e+04 -6.096e+05 -1.563e+07 -7.075e+05 -5.773e+04  -1.09e+05 -3.585e+05  3.093e+04  -4.64e+04  2.186e+04  2.039e+04     -841.1       7999 -2.301e+04 -9.947e+04 -1.643e+06 -3.135e+05 -8.166e+04 -2.538e+04       3627 -1.443e+05 -1.164e+04  -8.29e+04 -1.037e+04 -1.917e+04      -1107  -8.77e+04 -3.614e+04 -5.415e+04  5.156e+04  8.331e+04 -1.423e+05 -4.642e+04 -3.298e+04  4.216e+04  5.688e+04  2.251e+04 -3.664e+04 -6.009e+04       8599  5.619e+04      -6063  1.916e+04 -3.409e+04 -1.023e+04      -9748 -8.504e+04 -5.014e+04      -6326 -1.605e+04   1.75e+04 -1.421e+04  3.278e+04       2030      747.6  1.844e+04 -5.996e+04  1.008e+04  7.098e+04   1.18e+05 -2.894e+04      -9572 -1.745e+04  5.129e+04   6.94e+04  4.335e+04 -5.874e+04   3.02e+04  6.423e+04 -7.011e+04 -2.698e+04  2.612e+04  4.216e+04 -2.824e+04       7820  4.742e+04  4.029e+04  2.977e+04  -2.52e+04  2.305e+04       1512
 -4.853e+04 -6.802e+04 -2.842e+04 -1.091e+04 -1.626e+04  4.907e+04  -7.36e+04 -1.153e+05 -7.075e+05 -5.538e+06 -2.057e+05 -3.154e+05      -8004  2.444e+04       5669  2.384e+04 -1.224e+04 -1.106e+04  1.394e+04 -1.705e+05 -4.318e+04 -2.158e+05 -7.184e+04      -9117  2.089e+04  1.084e+04 -1.057e+05      -1706 -6.644e+04       8962 -3.637e+04       4082  1.444e+04  1.636e+04 -3.001e+04  1.093e+04  2.028e+04 -3.859e+04 -1.127e+04  4.537e+04 -1.965e+04       5277 -5.225e+04 -1.791e+04  2.425e+04  5.376e+04  3.611e+04  1.639e+04  1.086e+04       7139      -3190 -1.251e+04 -5.862e+04      -6974      445.9       5564       3181  1.105e+04  4.627e+04  1.185e+04  3.535e+04  1.875e+04  3.731e+04  2.218e+04  -6.29e+04  1.033e+05 -1.696e+04       8535  -1.15e+04 -1.591e+04  2.011e+04  2.543e+04  4.557e+04 -2.234e+04      -8256      -7823  6.751e+04  5.963e+04      -7704 -5.262e+04 -4.708e+04  1.037e+04       3073     -50.82      -8311  3.948e+04  1.004e+04
       5294 -1.835e+04      367.5       4762      970.5 -1.732e+04  1.354e+04 -4.148e+04 -5.773e+04 -2.057e+05 -1.417e+06       8515 -1.001e+04       3581  1.504e+04       8329  1.947e+04  1.274e+04  1.142e+04 -2.378e+04 -1.952e+04 -1.168e+05      -5987      -4335  1.503e+04       7813      -2491  1.209e+04 -1.009e+04       6074      -4450      -7201 -1.052e+04  2.576e+04  1.694e+04   1.19e+04 -5.757e+04      -5256  -1.69e+04      -2492     -986.8       9678 -1.346e+04      -4012  2.102e+04  1.142e+04  1.005e+04       9029  1.185e+04 -2.809e+04       6952       4441       8862 -3.149e+04       5072  1.186e+04  1.166e+04  1.632e+04      -2163  2.962e+04       6355  2.597e+04  1.635e+04  2.138e+04 -1.584e+05  1.042e+04  1.542e+04  1.718e+04  1.396e+04  1.065e+04  1.978e+04  1.835e+04  1.692e+04   2.14e+04  4.559e+04  1.333e+04  3.396e+04       4195       4374  1.404e+04  2.338e+04  3.197e+04  2.228e+04  1.205e+04       9075  2.251e+04    1.9e+04
   2.76e+04 -4.577e+04      -9432      484.6      -2927  2.496e+04 -2.135e+04 -4.029e+04  -1.09e+05 -3.154e+05       8515 -1.686e+06 -1.853e+04  1.411e+04      -7431 -2.498e+04  2.311e+04 -1.275e+04     -458.8 -3.345e+04  1.436e+04 -3.183e+04 -2.825e+04       3110       2938  1.014e+04 -1.009e+04       3452      -8426      554.7 -1.401e+04       4046       3825  1.748e+04       2178  2.228e+04       2746      674.8       3264  1.875e+04  1.706e+04  2.203e+04 -1.401e+04  2.181e+04      429.9      -1717 -1.254e+04   4.19e+04  1.383e+04 -2.063e+04       4896      -1513       8317 -1.091e+04  1.427e+04       7858  2.094e+04       1393    2.6e+04  3.469e+04  1.711e+04  2.779e+04  2.596e+04  2.707e+04  3.719e+04  5.208e+04       7448  2.294e+04      380.8  4.029e+04   2.29e+04  3.037e+04  1.389e+04  4.151e+04  1.668e+04      -2554  4.134e+04  5.286e+04  1.428e+04      265.5  1.296e+04  1.977e+04  7.924e+04  1.047e+04  1.744e+04   2.37e+04  1.334e+04
 -1.791e+04 -4.057e+04 -4.215e+04      -3327 -1.284e+04      481.9  4.567e+04 -5.162e+04 -3.585e+05      -8004 -1.001e+04 -1.853e+04 -2.009e+06      -7912 -9.368e+04 -8.127e+04 -8.056e+04 -7.063e+04 -1.213e+05 -9.422e+04 -5.553e+04 -7.523e+04 -8.433e+04 -3.751e+04 -1.961e+04       7725 -3.881e+04       1633 -2.312e+04      -8515 -2.342e+04      -1163 -1.861e+04       3401 -1.564e+04        517  1.127e+04 -2.209e+04 -1.482e+04 -4.052e+04  1.402e+04 -2.076e+04      -7794       3625 -1.029e+04 -1.593e+04       4950  2.066e+04       5301  2.946e+04  1.074e+04       1656  -3.33e+04       7624  1.137e+04       5788       8287      -9926      -3556 -1.322e+04  2.634e+04     -907.5  3.811e+04  3.589e+04  4.307e+04  8.833e+04      -1429  1.925e+04  -1.11e+04  1.151e+04       9010  3.477e+04   2.94e+04  2.298e+04 -1.289e+04  6.952e+04 -2.847e+04  4.354e+04       3690       7952  3.967e+04  6.785e+04   4.81e+04     -218.3  1.797e+04  1.662e+04  2.519e+04
  3.216e+04       3313      -3188  3.019e+04       6003 -3.943e+04 -1.879e+04       6547  3.093e+04  2.444e+04       3581  1.411e+04      -7912 -3.111e+06 -2.397e+05 -2.732e+04 -1.472e+05 -3.166e+04 -5.672e+04 -4.188e+04 -1.103e+05 -5.142e+04      -9557      -5612 -1.158e+04      -6203      -5528  1.646e+04 -2.261e+04      -1908       7722  1.437e+04      -1044       6173  1.177e+04  2.086e+04 -1.214e+04      -6631      -1016  2.737e+04  3.438e+04  5.006e+04  2.003e+04      -4994  3.974e+04  2.602e+04      -3322   2.77e+04 -3.706e+04  1.589e+04       2201       3727  1.818e+04  1.771e+04  2.252e+04  2.625e+04       6811       8206  4.132e+04  2.922e+04       2949  1.505e+04  2.118e+04  3.863e+04 -1.025e+04   2.44e+04  1.561e+04       7754  3.816e+04  1.063e+04  2.198e+04  4.213e+04       8971  1.517e+04   4.26e+04  3.206e+04  1.773e+04       8860  1.684e+04  1.149e+04  3.182e+04  4.309e+04  1.589e+04  2.538e+04  1.891e+04  2.674e+04  3.475e+04
  1.259e+04  1.417e+04      -7648  1.513e+04 -1.068e+04  2.992e+04       8410       2621  -4.64e+04       5669  1.504e+04      -7431 -9.368e+04 -2.397e+05 -4.928e+06 -1.627e+05 -6.617e+05 -1.703e+05 -2.005e+05 -2.411e+05 -1.666e+05 -8.359e+04 -3.377e+04  3.406e+04       5515      -13.4 -2.883e+04     -631.2  -4.39e+04 -1.036e+04 -1.541e+04  2.012e+04      -7921   1.99e+04      -7232 -1.846e+05 -2.618e+04   1.37e+04 -1.202e+04 -6.187e+04  3.352e+04  1.875e+04  1.539e+04      -4841  1.951e+04      -1427 -2.446e+04 -2.488e+04 -2.023e+04 -1.275e+04 -1.362e+04  1.357e+04 -3.631e+04      -4129  2.036e+04      112.8       6226       6085       4252      -8265  4.915e+04  2.924e+04  3.651e+04  2.862e+04  4.132e+04 -6.723e+04      -2723  2.473e+04   3.46e+04  3.294e+04  4.311e+04       6185      -5118  3.426e+04  3.096e+04  1.131e+04  3.412e+04  2.922e+04  5.068e+04  1.865e+04  7.804e+04  7.535e+04  5.939e+04       9560  1.393e+04  2.856e+04  3.763e+04
  6.033e+04  1.532e+04 -1.448e+04  2.761e+04 -1.386e+04 -3.977e+04 -2.993e+04 -1.764e+04  2.186e+04  2.384e+04       8329 -2.498e+04 -8.127e+04 -2.732e+04 -1.627e+05 -5.293e+06 -8.605e+05 -1.455e+05 -2.005e+05 -2.253e+05 -1.178e+05  2.692e+04 -1.361e+04  1.063e+04       5301       4948      -7867  1.456e+04      -7392       6699  1.967e+04 -1.078e+04  2.044e+04       6431       3102  1.586e+04  -1.95e+04  2.055e+04      -5480  1.549e+04  3.771e+04  6.262e+04   2.75e+04  1.636e+04       9420  3.045e+04   2.71e+04  2.755e+04 -1.497e+04 -5.556e+04      -5617  1.674e+04     -494.7  7.532e+04  3.068e+04  4.059e+04  2.515e+04       6836 -1.142e+04  3.098e+04  1.936e+04  2.418e+04  2.971e+04       8535  5.932e+04      -8848  3.199e+04  4.424e+04      -8224     -84.34       9724  2.587e+04  2.585e+04  4.091e+04  4.864e+04   7.87e+04      -4439      -5384  1.559e+04  2.759e+04  4.291e+04   2.21e+04  1.571e+04  1.782e+04  3.244e+04  2.085e+04  2.358e+04
  7.658e+04  2.773e+04  1.444e+04  2.862e+04 -1.048e+04 -9.828e+04      58.45  5.414e+04  2.039e+04 -1.224e+04  1.947e+04  2.311e+04 -8.056e+04 -1.472e+05 -6.617e+05 -8.605e+05 -2.759e+07 -3.603e+05 -6.785e+05 -1.774e+05 -1.213e+05  6.925e+04 -4.819e+04  4.995e+04  1.041e+04 -2.277e+04 -3.052e+04      122.6      -6242      -2209 -9.677e+04  2.628e+04  6.595e+04  5.205e+04  5.896e+04 -7.552e+04  1.192e+04  4.355e+04  3.717e+04  6.063e+04  5.589e+04 -2.543e+04  5.274e+04  1.104e+05  6.757e+04   6.93e+04 -1.533e+04  8.149e+04 -9.599e+04  -1.38e+04  -4.38e+04  5.141e+04  9.084e+04     -15.68  2.527e+04  1.315e+04       5570  1.559e+04  2.151e+04  6.346e+04      -8976  3.346e+04 -5.612e+04  6.528e+04  8.124e+04   5.82e+04  4.991e+04      -3531 -1.613e+04  7.094e+04      -1129  -5.78e+04 -1.456e+05       2235    4.9e+04  9.033e+04 -1.138e+05 -3.756e+04  2.914e+04  2.622e+04  4.117e+04 -1.038e+05  9.479e+04  1.662e+04  3.857e+04  1.825e+04      -1399
  3.183e+04       7472      -9289  2.422e+04 -8.356e+04 -4.478e+04  -7.18e+04 -1.924e+04     -841.1 -1.106e+04  1.274e+04 -1.275e+04 -7.063e+04 -3.166e+04 -1.703e+05 -1.455e+05 -3.603e+05 -4.103e+06 -1.821e+05 -1.863e+05 -1.348e+05 -2.644e+04      -7384   2.15e+04  1.133e+04  3.411e+04  3.592e+04  1.812e+04  3.321e+04      -3130  3.008e+04 -3.278e+04  3.694e+04      -5094      -3996 -1.755e+04 -1.465e+04  1.557e+04  2.817e+04       1433      743.1  4.694e+04 -5.555e+04  4.008e+04   1.29e+04  3.634e+04 -1.171e+05  1.666e+04 -3.384e+04   6.07e+04 -1.691e+04  1.008e+04  1.532e+04       3207   2.14e+04  1.862e+04  2.187e+04  3.077e+04      -2976      -6621  1.163e+04     -554.4   5.48e+04    1.4e+04 -6.511e+04  2.571e+04  2.625e+04    1.6e+04  2.921e+04  2.011e+04  1.955e+04      -5205 -3.853e+04  2.969e+04  -8.49e+04 -2.903e+04  4.952e+04 -8.658e+04 -3.686e+04     -570.9 -1.142e+05 -1.064e+05 -3.308e+04       9656  2.477e+04 -1.651e+04  2.615e+04
     -122.6      -6420 -1.204e+04  3.137e+04  2.066e+04 -3.804e+04 -1.847e+04 -1.419e+04       7999  1.394e+04  1.142e+04     -458.8 -1.213e+05 -5.672e+04 -2.005e+05 -2.005e+05 -6.785e+05 -1.821e+05 -8.151e+06 -1.709e+05 -1.289e+05  -2.31e+05 -2.939e+04       5961  2.793e+04       9997       9648       7851       6769 -2.565e+04  1.271e+04 -1.934e+04      -1262       7643 -3.361e+04 -7.345e+04  6.455e+04       2197  1.271e+04       8335 -1.521e+04  1.078e+05       7934  4.291e+04  2.493e+04  3.198e+04       1716  3.866e+04 -4.357e+04 -3.062e+04       8427       1419 -4.353e+04  3.974e+04  1.787e+04  2.798e+04  1.569e+04  2.184e+04  4.082e+04      -1900       3669  4.009e+04  3.233e+04  8.236e+04 -1.389e+04 -8.588e+04  2.173e+04  1.476e+04  1.665e+04  4.428e+04  4.317e+04      -9682 -2.642e+04       7030  3.676e+04  3.193e+04       4514   2.47e+04  6.443e+04 -2.644e+04    9.3e+04  4.642e+04       50.3  1.769e+04  3.289e+04  2.872e+04  1.743e+04
  3.528e+04 -6.492e+04 -1.361e+04  1.801e+04  3.897e+04 -6.695e+04 -1.027e+05   2.17e+04 -2.301e+04 -1.705e+05 -2.378e+04 -3.345e+04 -9.422e+04 -4.188e+04 -2.411e+05 -2.253e+05 -1.774e+05 -1.863e+05 -1.709e+05 -9.793e+06 -3.723e+05 -1.368e+05  1.754e+04 -3.675e+04 -2.163e+04       2002      -3906  1.801e+04  2.109e+04       5653 -2.011e+04  3.425e+04  7.038e+04  -3.01e+04 -2.711e+04  -8.07e+04       4689 -1.432e+04       2012  5.425e+04 -4.945e+04       6195 -9.878e+04 -4.599e+04  3.759e+04    1.4e+04      440.4       7465 -5.605e+04  6.155e+04      -2459       1651 -1.054e+04 -2.278e+04       2059  1.059e+04      -2745  1.426e+04  4.922e+04  2.175e+04  5.834e+04  3.064e+04  6.251e+04       9782 -2.031e+05  6.213e+04  1.981e+04       1676  4.802e+04 -2.311e+04 -2.075e+04  2.684e+04  2.146e+04      120.1 -6.984e+04  1.085e+05 -3.091e+04  9.793e+04  2.286e+04  7.498e+04      -3318   5.84e+04 -8.261e+04  1.736e+04  1.837e+04   1.05e+04    4.3e+04
  3.676e+04 -2.706e+04  2.628e+04       8529   1.15e+04  4.012e+04 -5.471e+04  -4.16e+04 -9.947e+04 -4.318e+04 -1.952e+04  1.436e+04 -5.553e+04 -1.103e+05 -1.666e+05 -1.178e+05 -1.213e+05 -1.348e+05 -1.289e+05 -3.723e+05 -1.081e+07 -2.843e+05 -2.837e+04 -3.012e+04   1.14e+04       3075 -1.216e+04       6702 -1.394e+04       3848 -5.479e+04  2.675e+04   2.34e+04  4.576e+04 -1.098e+05 -3.067e+04  2.918e+04 -2.136e+04  3.469e+04       9731 -3.553e+04 -1.091e+05 -3.128e+04 -2.326e+04  7.812e+04  4.747e+04       9826  1.854e+04       7794  6.376e+04 -1.218e+04      -1428  8.335e+04  -2.54e+04  1.245e+04  2.801e+04       9419  2.134e+04      -3903  2.862e+04      208.4 -1.927e+04   3.18e+04      -6670 -2.441e+04 -7.936e+04  3.381e+04  1.265e+04  4.318e+04  4.614e+04  4.983e+04  5.109e+04  3.132e+04  7.256e+04  9.216e+04  3.781e+04 -1.808e+04  8.614e+04  6.125e+04   5.43e+04  1.116e+04  1.018e+04 -1.656e+05  2.463e+04  3.735e+04  4.949e+04  1.392e+04
 -1.426e+05 -1.651e+05 -1.555e+05 -1.075e+04  1.318e+04  2.436e+04    8.3e+04 -6.727e+05 -1.643e+06 -2.158e+05 -1.168e+05 -3.183e+04 -7.523e+04 -5.142e+04 -8.359e+04  2.692e+04  6.925e+04 -2.644e+04  -2.31e+05 -1.368e+05 -2.843e+05 -4.012e+07 -1.494e+06 -1.364e+05 -4.408e+04 -6.427e+04 -3.182e+05 -2.154e+04 -1.503e+05  -3.79e+04 -5.313e+04      -4078 -1.611e+05  4.429e+04      -7743  7.946e+04 -2.624e+04 -5.694e+05 -1.041e+05 -5.881e+04  6.682e+04  7.381e+04   -1.4e+05 -8.471e+04 -2.484e+05 -5.449e+04 -7.067e+04 -1.487e+04  -1.34e+05 -1.936e+04  2.463e+04 -7.178e+04  -3.78e+05 -5.492e+05 -4.521e+04 -8.651e+04  3.339e+04 -3.002e+04  6.893e+04   1.64e+04  8.579e+04  6.611e+04  6.118e+04  2.254e+04  8.096e+04  1.063e+05  -5.83e+04  4.797e+04 -2.046e+04 -3.527e+04 -1.397e+04  5.974e+04  1.946e+04 -7.549e+04  2.228e+04  2.086e+04   3.83e+04 -1.291e+05  4.626e+04  9.688e+04  6.199e+04  -1.69e+04  1.068e+05      -7778 -3.604e+04      -3384      -5524
 -3.291e+04 -1.304e+05 -5.896e+04  -1.43e+04  1.052e+04 -7.262e+04 -2.195e+04 -1.957e+05 -3.135e+05 -7.184e+04      -5987 -2.825e+04 -8.433e+04      -9557 -3.377e+04 -1.361e+04 -4.819e+04      -7384 -2.939e+04  1.754e+04 -2.837e+04 -1.494e+06 -5.278e+06 -1.633e+05 -3.572e+04 -2.137e+04 -4.299e+05 -1.547e+04 -1.738e+05 -2.112e+04 -1.101e+05 -3.585e+04 -5.979e+04 -1.228e+04 -4.341e+04 -1.038e+04 -6.164e+04 -2.009e+04       2210 -2.253e+04 -2.049e+04 -6.098e+04  2.231e+04      -6745 -4.342e+04 -2.432e+04 -1.316e+04  2.528e+04 -4.699e+04  2.688e+04      -3130      -1027 -2.142e+05 -6.619e+04  1.653e+04   -1.7e+04   2.03e+04       1363  3.521e+04  2.654e+04  3.265e+04  2.928e+04  -1.28e+04 -1.773e+04  6.708e+04  4.881e+04      -7005  1.861e+04      -7849       2283  1.609e+04       5809  4.743e+04       8028   7.17e+04  5.449e+04  4.781e+04  4.859e+04 -3.336e+04      -8000  5.605e+04  6.728e+04  3.255e+04       3298      -3264  1.494e+04  1.586e+04
       7207       3634 -1.594e+04 -1.051e+04 -1.628e+04      -2613 -3.023e+04      -1561 -8.166e+04      -9117      -4335       3110 -3.751e+04      -5612  3.406e+04  1.063e+04  4.995e+04   2.15e+04       5961 -3.675e+04 -3.012e+04 -1.364e+05 -1.633e+05 -2.492e+06  -1.16e+05 -1.541e+05 -3.454e+04      -5657 -1.488e+04       2901       5831      -1414 -1.765e+04       4748 -1.211e+04      -8701  2.201e+04 -2.099e+04      -4820 -1.186e+04  1.951e+04 -2.075e+04 -2.023e+04       4051 -2.463e+04 -2.793e+04   1.45e+04  2.352e+04   2.28e+04 -1.608e+04      -5767       1516 -9.143e+04 -5.567e+04       5348       4173       6164  1.253e+04 -1.546e+04 -1.308e+04       5445  2.113e+04  4.293e+04       6404 -2.239e+04  2.408e+04       4316  2.533e+04  2.043e+04      -4486       9901  1.483e+04  4.927e+04  1.037e+04  3.598e+04 -1.044e+04 -2.787e+04 -2.608e+04   1.69e+04  3.005e+04  4.562e+04  4.836e+04  5.196e+04       3925       7385       7632       8157
  2.296e+04 -2.623e+04 -1.194e+04  1.648e+04       8761      -6304  1.845e+04 -1.342e+04 -2.538e+04  2.089e+04  1.503e+04       2938 -1.961e+04 -1.158e+04       5515       5301  1.041e+04  1.133e+04  2.793e+04 -2.163e+04   1.14e+04 -4.408e+04 -3.572e+04  -1.16e+05 -1.663e+06 -3.642e+04 -1.284e+04       3632      -3509     -986.6      -9892      -4114      -9497     -179.3 -1.664e+04      -8806  1.346e+04       7372      -4569 -1.688e+04  1.123e+04  2.029e+04    1.2e+04       4687      -1599      -8849      706.9       5567 -3.686e+04 -1.413e+04       4607       5067  2.051e+04       1418   1.34e+04       3765  1.381e+04        491   3.85e+04 -3.376e+04  2.145e+04   2.35e+04  3.073e+04       2423       1190 -2.191e+04       9868   1.04e+04       7542      -3370  1.928e+04  1.465e+04  2.367e+04  3.794e+04  4.048e+04  3.072e+04      -9462  -2.89e+04  1.983e+04      -9264  3.098e+04       5800  3.531e+04  1.311e+04  1.331e+04  1.592e+04       3917
      -1983      -3891       1020  1.612e+04  1.531e+04  2.618e+04   1.72e+04  -1.02e+04       3627  1.084e+04       7813  1.014e+04       7725      -6203      -13.4       4948 -2.277e+04  3.411e+04       9997       2002       3075 -6.427e+04 -2.137e+04 -1.541e+05 -3.642e+04 -1.508e+06      -9554      867.4      -7100      -1398       7752     -409.6 -1.268e+04  3.284e+04       9518      -7978 -2.543e+04       2490       8272       7309  2.507e+04 -1.768e+04       3396  1.485e+04  1.213e+04  2.268e+04  1.266e+04  2.467e+04  1.035e+04  3.183e+04      90.11  1.164e+04 -5.617e+04  1.494e+04  1.829e+04       8770   1.68e+04       6155 -3.992e+04       5423  2.105e+04      -2156  3.696e+04  1.613e+04  2.333e+04      -3646  1.778e+04  3.393e+04  2.293e+04 -1.482e+04  1.774e+04  2.406e+04       8980  2.803e+04  2.075e+04  -3.02e+04      -1569  2.202e+04  2.341e+04  3.008e+04  1.471e+04      -5074  4.201e+04  1.527e+04   1.39e+04  1.558e+04  1.599e+04
 -3.171e+04  -5.23e+04 -1.805e+04  2.568e+04       3916      -3128 -1.406e+04 -1.573e+05 -1.443e+05 -1.057e+05      -2491 -1.009e+04 -3.881e+04      -5528 -2.883e+04      -7867 -3.052e+04  3.592e+04       9648      -3906 -1.216e+04 -3.182e+05 -4.299e+05 -3.454e+04 -1.284e+04      -9554 -5.082e+06 -7.205e+04 -8.563e+05 -1.482e+04 -5.909e+05 -4.151e+04 -1.118e+05 -3.512e+04 -5.339e+04 -3.355e+04 -2.937e+04 -1.669e+04     -688.9       9128  1.905e+04 -4.519e+04      -6865       3004       3181  1.163e+04  3.675e+04  7.007e+04  2.109e+04  2.634e+04      -5554       3835 -8.233e+04 -3.845e+04      -7537  1.397e+04  2.272e+04  1.367e+04 -3.685e+04       6536  4.131e+04  2.291e+04  2.865e+04  1.629e+04  4.716e+04  4.696e+04      -4116  3.744e+04      -2065 -2.036e+04     -787.8      -5897   1.94e+04   1.55e+04  1.538e+04   3.83e+04  6.622e+04  6.748e+04 -1.066e+04      -3463       -501  5.044e+04  1.976e+04      -5137  1.235e+04  3.088e+04  2.311e+04
      611.5      -1121  1.287e+04  1.604e+04  1.763e+04  1.199e+04  2.622e+04      -1600 -1.164e+04      -1706  1.209e+04       3452       1633  1.646e+04     -631.2  1.456e+04      122.6  1.812e+04       7851  1.801e+04       6702 -2.154e+04 -1.547e+04      -5657       3632      867.4 -7.205e+04 -6.262e+05      -2555       4261      -2382       6960      -4317       3806      -7737       5366  1.143e+04       2412       9536 -1.637e+04   1.98e+04  1.997e+04  1.261e+04  2.704e+04       7591  1.962e+04  3.322e+04  1.811e+04  2.634e+04  1.901e+04       3215  1.529e+04       6180  1.086e+04  1.512e+04  1.377e+04  1.216e+04  1.094e+04   1.16e+04       1017  2.383e+04       9559  1.413e+04  1.288e+04   3.43e+04       3926  1.411e+04  1.636e+04  1.567e+04  3.199e+04  2.462e+04  2.152e+04  2.275e+04  2.074e+04  3.069e+04  2.759e+04  2.592e+04   1.78e+04  1.311e+04  2.638e+04  1.833e+04  1.995e+04  3.796e+04  1.028e+04  1.135e+04  2.024e+04  1.788e+04
      -5245 -4.206e+04 -1.723e+04       3758       7658  6.132e+04  1.077e+04 -9.414e+04  -8.29e+04 -6.644e+04 -1.009e+04      -8426 -2.312e+04 -2.261e+04  -4.39e+04      -7392      -6242  3.321e+04       6769  2.109e+04 -1.394e+04 -1.503e+05 -1.738e+05 -1.488e+04      -3509      -7100 -8.563e+05      -2555 -3.248e+06 -3.349e+04 -2.026e+06 -5.262e+04 -1.962e+05 -6.014e+04 -7.989e+04  -8.81e+04 -6.431e+04 -2.379e+04       2153  2.292e+04  1.748e+04       8388  3.496e+04       7853  3.723e+04  4.409e+04  3.763e+04  1.965e+04 -8.312e+04  2.674e+04       3576  2.075e+04 -3.411e+04 -4.631e+04       1084      -6253  1.048e+04  1.271e+04      -2876  2.072e+04  4.202e+04  2.774e+04  2.809e+04       5670  4.378e+04  2.833e+04       7899  2.569e+04  1.411e+04  2.266e+04  1.444e+04  2.323e+04  4.214e+04   3.98e+04       6645  1.421e+04  3.506e+04  4.768e+04  5.089e+04  4.665e+04       7299      -3908   6.18e+04       9753  1.383e+04   1.44e+04  3.067e+04
  1.285e+04 -2.571e+04       -815       3405  1.624e+04      -3806      -6172 -2.407e+04 -1.037e+04       8962       6074      554.7      -8515      -1908 -1.036e+04       6699      -2209      -3130 -2.565e+04       5653       3848  -3.79e+04 -2.112e+04       2901     -986.6      -1398 -1.482e+04       4261 -3.349e+04 -6.937e+05 -9.684e+04 -1.421e+04 -1.645e+04      -8986      -4166  -5.33e+04  -2.37e+04      -3675      -6900     -35.98       2990 -1.913e+04      -1970     -657.7     -92.09      515.2       5029      -1418       5905  1.211e+04 -1.108e+04      -4023      -2604  1.257e+04       5154     -663.1      -4311      -4978       4581       7925      -2924       7433       2041       5214   3.33e+04     -147.1      -1359       4598 -1.035e+04  1.834e+04       4456       7138  2.975e+04  1.755e+04       9926  2.046e+04      -2929  1.805e+04      -6608      -1208       7755  2.023e+04  2.959e+04       2674       9071       4877  1.181e+04
 -3.922e+04 -1.625e+04      -8524  1.189e+04  1.784e+04  6.494e+04  3.839e+04 -7.204e+04 -1.917e+04 -3.637e+04      -4450 -1.401e+04 -2.342e+04       7722 -1.541e+04  1.967e+04 -9.677e+04  3.008e+04  1.271e+04 -2.011e+04 -5.479e+04 -5.313e+04 -1.101e+05       5831      -9892       7752 -5.909e+05      -2382 -2.026e+06 -9.684e+04 -5.431e+06 -1.601e+05 -3.599e+05 -5.901e+04  -5.31e+04 -1.228e+05  -8.12e+04       5751  3.929e+04  4.156e+04  3.717e+04  6.885e+04  1.728e+04  2.233e+04  1.718e+04      -1026  1.696e+04 -2.602e+04 -1.016e+04  2.179e+04   1.04e+04  2.022e+04 -1.287e+05  1.218e+04       8267  1.471e+04  1.977e+04  2.727e+04  3.518e+04  2.502e+04   4.59e+04  5.093e+04       4772  1.476e+04   5.64e+04 -6.832e+04  1.556e+04  2.539e+04  4.211e+04  3.582e+04  5.154e+04       6531  3.586e+04  4.731e+04  5.003e+04   6.79e+04  2.804e+04  5.303e+04      -3602  5.271e+04  2.528e+04  3.454e+04  6.206e+04      -2469  2.149e+04  1.782e+04  2.644e+04
       8988     -978.3       5247  1.907e+04       2975      -9093 -3.683e+04  -4.06e+04      -1107       4082      -7201       4046      -1163  1.437e+04  2.012e+04 -1.078e+04  2.628e+04 -3.278e+04 -1.934e+04  3.425e+04  2.675e+04      -4078 -3.585e+04      -1414      -4114     -409.6 -4.151e+04       6960 -5.262e+04 -1.421e+04 -1.601e+05 -1.758e+06 -8.402e+04 -2.784e+04 -2.406e+04  -4.13e+04 -4.904e+04       6259  1.294e+04  1.279e+04  3.308e+04 -7.256e+04  -3.54e+04      -3781   1.56e+04  1.257e+04  1.396e+04  3.568e+04 -1.903e+04  1.288e+04       1800       2229       5820  1.081e+04  1.439e+04       6789  2.529e+04  1.752e+04  1.123e+04  2.066e+04 -1.532e+04  2.342e+04       4794  3.209e+04  -1.42e+05      -4563  1.161e+04  1.579e+04  1.617e+04 -1.647e+04   2.56e+04      -5987      -9985      -4637  2.757e+04  6.059e+04 -1.098e+04      -1722 -2.445e+04  2.176e+04      -1702  2.248e+04  6.461e+04       3228       7043  2.584e+04   2.79e+04
      -1364 -1.637e+04      705.8       8780      871.8  2.937e+04 -1.353e+04 -5.264e+04  -8.77e+04  1.444e+04 -1.052e+04       3825 -1.861e+04      -1044      -7921  2.044e+04  6.595e+04  3.694e+04      -1262  7.038e+04   2.34e+04 -1.611e+05 -5.979e+04 -1.765e+04      -9497 -1.268e+04 -1.118e+05      -4317 -1.962e+05 -1.645e+04 -3.599e+05 -8.402e+04  -3.06e+06  -6.36e+04 -1.707e+05 -7.536e+04  -1.26e+05 -2.034e+04     -753.4      -4221  3.294e+04 -3.822e+04  1.345e+04  3.268e+04 -2.398e+04       5788  2.411e+04  3.659e+04  -2.69e+04  1.577e+04       7815      -7617 -5.542e+04      -9474  1.058e+04  1.669e+04   1.69e+04  2.718e+04  1.957e+04       2299  3.724e+04  4.299e+04  1.637e+04 -2.095e+04  4.894e+04  4.852e+04       5233  2.724e+04  1.585e+04  4.664e+04  1.086e+04  2.506e+04  3.663e+04  2.739e+04  4.531e+04  7.905e+04  1.059e+04   2.81e+04     -623.4   2.43e+04  5.404e+04  5.728e+04  7.412e+04       6491  2.353e+04  2.173e+04  2.682e+04
  2.962e+04 -1.496e+04  1.491e+04   1.95e+04       3609       9766      -3482 -4.565e+04 -3.614e+04  1.636e+04  2.576e+04  1.748e+04       3401       6173   1.99e+04       6431  5.205e+04      -5094       7643  -3.01e+04  4.576e+04  4.429e+04 -1.228e+04       4748     -179.3  3.284e+04 -3.512e+04       3806 -6.014e+04      -8986 -5.901e+04 -2.784e+04  -6.36e+04 -2.475e+06 -1.824e+05 -6.771e+04 -8.799e+04       8849   1.26e+04  2.742e+04  4.348e+04  2.984e+04       5894       7418  -1.17e+04      -9147  1.919e+04  1.819e+04 -5.408e+04 -1.449e+04       2131       8482 -5.464e+04      -3595       8372  3.383e+04  2.753e+04  3.534e+04  3.795e+04  2.314e+04  3.924e+04  4.089e+04  4.335e+04  1.476e+04  5.364e+04   2.77e+04  1.906e+04  2.399e+04  3.519e+04  6.263e+04  3.379e+04  2.161e+04  1.746e+04       9072   2.63e+04  3.955e+04  3.313e+04      -5714   3.48e+04  2.328e+04  3.043e+04 -1.626e+04  3.312e+04  3.011e+04  1.095e+04  1.759e+04  3.425e+04
  4.183e+04  -1.14e+04  2.538e+04  1.297e+04       2896  3.389e+04 -3.057e+04 -3.548e+04 -5.415e+04 -3.001e+04  1.694e+04       2178 -1.564e+04  1.177e+04      -7232       3102  5.896e+04      -3996 -3.361e+04 -2.711e+04 -1.098e+05      -7743 -4.341e+04 -1.211e+04 -1.664e+04       9518 -5.339e+04      -7737 -7.989e+04      -4166  -5.31e+04 -2.406e+04 -1.707e+05 -1.824e+05 -4.084e+06 -1.166e+05  -7.71e+05       5883  1.372e+04 -9.965e+04  2.511e+04      -9007       9552  4.704e+04  2.417e+04  3.684e+04  -1.17e+04  5.491e+04 -3.145e+04 -3.054e+04       1311      -5613      761.2      -7019  1.703e+04  2.162e+04   3.07e+04   1.87e+04 -4.472e+04 -4.216e+04  2.268e+04  2.314e+04  1.333e+04 -4.861e+04       8516  6.299e+04  1.779e+04      -1691  1.632e+04   2.31e+04  3.027e+04  3.099e+04  1.826e+04  5.876e+04  1.243e+04  4.811e+04 -1.954e+04  1.525e+04  6.768e+04       1928     -223.9  5.332e+04   2.85e+04  1.399e+04  1.756e+04  1.942e+04   4.28e+04
 -3.087e+04       9029  3.344e+04  4.334e+04   3.49e+04  1.138e+04  2.903e+04       2627  5.156e+04  1.093e+04   1.19e+04  2.228e+04        517  2.086e+04 -1.846e+05  1.586e+04 -7.552e+04 -1.755e+04 -7.345e+04  -8.07e+04 -3.067e+04  7.946e+04 -1.038e+04      -8701      -8806      -7978 -3.355e+04       5366  -8.81e+04  -5.33e+04 -1.228e+05  -4.13e+04 -7.536e+04 -6.771e+04 -1.166e+05 -7.576e+06 -6.363e+05  4.442e+04       9173 -1.869e+04  4.009e+04  3.869e+04  2.215e+04      -4023  5.393e+04       3830  1.024e+04  2.814e+04 -1.686e+04  3.062e+04 -2.479e+04       7331 -9.367e+04  1.228e+04       6134       5406     -797.3  -1.24e+04 -2.746e+04 -4.961e+04 -2.147e+04 -1.382e+04     -816.9 -1.991e+04 -1.027e+04 -1.725e+05   1.27e+04  2.323e+04      -7661   3.95e+04       6819  3.342e+04  2.439e+04  1.208e+04       -621  2.196e+04  4.394e+04  4.661e+04  2.126e+04 -5.593e+04       6064 -9.051e+04      -7565      -8575       2837  2.256e+04  2.946e+04
      -1305  -2.58e+04       9501   2.81e+04  1.735e+04 -1.083e+04      893.7      -4489  8.331e+04  2.028e+04 -5.757e+04       2746  1.127e+04 -1.214e+04 -2.618e+04  -1.95e+04  1.192e+04 -1.465e+04  6.455e+04       4689  2.918e+04 -2.624e+04 -6.164e+04  2.201e+04  1.346e+04 -2.543e+04 -2.937e+04  1.143e+04 -6.431e+04  -2.37e+04  -8.12e+04 -4.904e+04  -1.26e+05 -8.799e+04  -7.71e+05 -6.363e+05 -7.714e+06  2.031e+04 -6.053e+04  3.514e+04 -5.163e+04  9.536e+04  2.404e+04 -1.323e+05  5.934e+04 -2.469e+04 -2.833e+04  4.638e+04 -1.141e+05  -9.52e+04 -1.105e+04 -2.843e+04 -5.244e+04      -6769  1.263e+04  3.802e+04  5.639e+04  4.408e+04 -3.388e+04 -1.375e+04 -1.619e+04 -1.368e+04  5.504e+04  1.858e+04       9508 -7.371e+04  3.616e+04 -2.368e+04  3.371e+04  2.271e+04  4.049e+04       3107      351.3  7.125e+04  2.341e+04 -1.177e+05  2.503e+04     -686.7 -1.959e+04 -6.664e+04  5.328e+04 -5.013e+04 -2.928e+04 -2.215e+04  1.763e+04  1.926e+04  2.504e+04
      -3097 -7.802e+04 -2.804e+04  1.024e+04     -338.1       5462  2.185e+04 -1.448e+05 -1.423e+05 -3.859e+04      -5256      674.8 -2.209e+04      -6631   1.37e+04  2.055e+04  4.355e+04  1.557e+04       2197 -1.432e+04 -2.136e+04 -5.694e+05 -2.009e+04 -2.099e+04       7372       2490 -1.669e+04       2412 -2.379e+04      -3675       5751       6259 -2.034e+04       8849       5883  4.442e+04  2.031e+04 -2.112e+06 -2.165e+05 -1.822e+04       8121       7868 -2.961e+04 -1.301e+04  -2.58e+04 -1.192e+04 -2.024e+04 -1.121e+04 -2.776e+04      -3791      -6398  -2.13e+04 -1.225e+05 -1.614e+04       6843      -2766  1.437e+04  1.165e+04  1.959e+04  1.337e+04       5857  3.906e+04  2.249e+04  2.676e+04    1.9e+04  6.792e+04       4311  2.394e+04  2.197e+04  1.705e+04  2.867e+04  2.937e+04  1.399e+04  5.302e+04      -3998 -2.187e+04 -1.746e+04   4.99e+04   1.54e+04  3.249e+04  5.434e+04  5.059e+04  3.153e+04       7692       6045  2.209e+04  2.167e+04
      -3796 -1.842e+04      -1738  1.557e+04  3.391e+04  4.071e+04       6601 -6.812e+04 -4.642e+04 -1.127e+04  -1.69e+04       3264 -1.482e+04      -1016 -1.202e+04      -5480  3.717e+04  2.817e+04  1.271e+04       2012  3.469e+04 -1.041e+05       2210      -4820      -4569       8272     -688.9       9536       2153      -6900  3.929e+04  1.294e+04     -753.4   1.26e+04  1.372e+04       9173 -6.053e+04 -2.165e+05 -3.065e+06 -1.139e+05 -4.406e+04 -7.041e+04 -5.588e+04  -5.07e+04 -7.053e+04  -6.01e+04 -2.742e+04  -4.51e+04 -6.837e+04 -1.147e+05 -1.115e+04 -6.629e+04  -3.09e+04  -3.47e+04       5960  1.718e+04  1.924e+04  2.292e+04  1.938e+04   2.41e+04  1.762e+04  1.733e+04       3158  6.009e+04 -1.313e+05       1859   1.44e+04  3.256e+04  1.646e+04       6826  1.167e+04  1.157e+04  4.126e+04  3.369e+04  1.542e+04  2.125e+04  2.611e+04  2.932e+04  2.612e+04       6399  3.312e+04  6.695e+04  8.741e+04  1.661e+04  1.202e+04  2.353e+04       9195
   1.27e+04 -1.447e+04       9073       4466   2.26e+04      -2730      -3932 -2.479e+04 -3.298e+04  4.537e+04      -2492  1.875e+04 -4.052e+04  2.737e+04 -6.187e+04  1.549e+04  6.063e+04       1433       8335  5.425e+04       9731 -5.881e+04 -2.253e+04 -1.186e+04 -1.688e+04       7309       9128 -1.637e+04  2.292e+04     -35.98  4.156e+04  1.279e+04      -4221  2.742e+04 -9.965e+04 -1.869e+04  3.514e+04 -1.822e+04 -1.139e+05 -4.716e+06 -1.694e+05 -5.198e+05 -1.592e+05 -1.413e+05 -3.873e+05 -2.941e+05 -1.918e+04 -7.636e+04 -5.372e+04 -8.296e+04 -1.397e+04  -1.62e+04 -8.685e+04  3.859e+04   2.71e+04  2.431e+04  1.045e+04       5280  1.491e+04 -7.552e+04  2.722e+04  5.214e+04 -1.002e+04  4.632e+04  7.528e+04      128.3        -21  2.233e+04  3.516e+04     -32.04  1.049e+04  2.305e+04       7945  4.618e+04  -1.47e+04  3.567e+04  1.579e+04 -3.191e+04  3.772e+04  3.749e+04  3.957e+04  2.257e+04  5.728e+04      -3052  1.399e+04  2.478e+04    1.2e+04
  5.601e+04 -1.454e+04 -1.355e+04  1.215e+04  2.168e+04  4.013e+04      396.8 -1.866e+04  4.216e+04 -1.965e+04     -986.8  1.706e+04  1.402e+04  3.438e+04  3.352e+04  3.771e+04  5.589e+04      743.1 -1.521e+04 -4.945e+04 -3.553e+04  6.682e+04 -2.049e+04  1.951e+04  1.123e+04  2.507e+04  1.905e+04   1.98e+04  1.748e+04       2990  3.717e+04  3.308e+04  3.294e+04  4.348e+04  2.511e+04  4.009e+04 -5.163e+04       8121 -4.406e+04 -1.694e+05 -4.791e+06 -7.708e+05 -1.517e+05 -1.532e+05 -6.809e+04 -9.361e+04  -4.17e+04 -3.973e+04 -4.732e+04 -5.147e+04 -1.868e+04  1.413e+04      -5645       8314  1.459e+04  2.179e+04   3.15e+04  3.378e+04  4.926e+04  2.407e+04  4.802e+04  2.856e+04  4.986e+04  3.318e+04  7.265e+04 -6.128e+04   2.65e+04  3.399e+04   2.79e+04  3.323e+04  2.881e+04  2.467e+04 -1.041e+04  2.761e+04  3.565e+04  2.052e+04  3.253e+04  1.593e+04  3.824e+04  3.607e+04  3.118e+04  5.339e+04 -4.308e+04  2.027e+04  2.555e+04  1.422e+04    2.8e+04
  3.932e+04 -2.343e+04  1.023e+04  2.613e+04  5.461e+04  8.063e+04  -3.71e+04 -6.788e+04  5.688e+04       5277       9678  2.203e+04 -2.076e+04  5.006e+04  1.875e+04  6.262e+04 -2.543e+04  4.694e+04  1.078e+05       6195 -1.091e+05  7.381e+04 -6.098e+04 -2.075e+04  2.029e+04 -1.768e+04 -4.519e+04  1.997e+04       8388 -1.913e+04  6.885e+04 -7.256e+04 -3.822e+04  2.984e+04      -9007  3.869e+04  9.536e+04       7868 -7.041e+04 -5.198e+05 -7.708e+05 -2.601e+07 -4.458e+05 -5.807e+05 -1.994e+05 -2.072e+05  -3.06e+04 -3.571e+04 -7.989e+04 -1.025e+05      -6243 -3.732e+04  5.724e+04       2095 -1.885e+04  4.312e+04  3.085e+04  5.151e+04  1.133e+05        276  7.659e+04  6.081e+04  6.379e+04   1.23e+05  1.107e+05  7.813e+04  2.885e+04  4.411e+04   2.96e+04 -7.337e+04      -5125  2.092e+04  7.667e+04  4.252e+04      -6155  1.068e+05  1.364e+05  4.898e+04 -1.318e+04  4.574e+04 -2.077e+05   1.17e+05   1.36e+05  2.782e+04       7966  3.788e+04  2.505e+04
  3.446e+04   2.62e+04  1.733e+04  1.931e+04  1.329e+04 -4.111e+04 -8.928e+04 -5.471e+04  2.251e+04 -5.225e+04 -1.346e+04 -1.401e+04      -7794  2.003e+04  1.539e+04   2.75e+04  5.274e+04 -5.555e+04       7934 -9.878e+04 -3.128e+04   -1.4e+05  2.231e+04 -2.023e+04    1.2e+04       3396      -6865  1.261e+04  3.496e+04      -1970  1.728e+04  -3.54e+04  1.345e+04       5894       9552  2.215e+04  2.404e+04 -2.961e+04 -5.588e+04 -1.592e+05 -1.517e+05 -4.458e+05 -3.856e+06 -1.481e+05 -7.587e+04 -5.743e+04 -7.461e+04 -9.275e+04 -1.401e+05 -1.962e+05 -1.584e+04      -9146      968.9       6141   2.11e+04  2.578e+04  2.539e+04  3.995e+04  6.165e+04  6.225e+04   3.49e+04  2.491e+04  2.321e+04  3.818e+04 -3.457e+05  2.634e+04       6936  3.025e+04  3.334e+04  5.558e+04      -8196  1.838e+04  5.007e+04  2.354e+04  2.976e+04 -5.841e+04  4.322e+04  1.356e+04 -4.676e+04  2.905e+04  2.882e+04  4.235e+04  4.209e+04  2.585e+04  1.388e+04      3e+04  1.445e+04
       9083 -1.229e+04  1.377e+04  1.421e+04  3.016e+04  2.052e+04   3.01e+04 -5.188e+04 -3.664e+04 -1.791e+04      -4012  2.181e+04       3625      -4994      -4841  1.636e+04  1.104e+05  4.008e+04  4.291e+04 -4.599e+04 -2.326e+04 -8.471e+04      -6745       4051       4687  1.485e+04       3004  2.704e+04       7853     -657.7  2.233e+04      -3781  3.268e+04       7418  4.704e+04      -4023 -1.323e+05 -1.301e+04  -5.07e+04 -1.413e+05 -1.532e+05 -5.807e+05 -1.481e+05 -5.306e+06      -5943 -7.087e+04 -1.164e+05  -4.57e+04 -2.582e+05 -1.025e+05  -1.14e+04 -1.373e+04 -1.146e+05  2.777e+04  1.522e+04  3.665e+04  3.887e+04  3.349e+04  3.746e+04   3.35e+04  5.187e+04  2.948e+04  5.395e+04  1.181e+04      -2349 -5.255e+04  1.424e+04  3.241e+04 -3.208e+04  -3.61e+04       8087  1.926e+04   1.03e+04       8650   1.89e+04  3.052e+04  3.798e+04  1.465e+04  8.812e+04 -1.837e+04  4.039e+04   9.46e+04   -3.2e+04  1.821e+04  1.589e+04  2.471e+04  3.228e+04
       5809 -3.278e+04  2.837e+04      -7032       9482  1.754e+04 -3.025e+04      -9101 -6.009e+04  2.425e+04  2.102e+04      429.9 -1.029e+04  3.974e+04  1.951e+04       9420  6.757e+04   1.29e+04  2.493e+04  3.759e+04  7.812e+04 -2.484e+05 -4.342e+04 -2.463e+04      -1599  1.213e+04       3181       7591  3.723e+04     -92.09  1.718e+04   1.56e+04 -2.398e+04  -1.17e+04  2.417e+04  5.393e+04  5.934e+04  -2.58e+04 -7.053e+04 -3.873e+05 -6.809e+04 -1.994e+05 -7.587e+04      -5943 -5.649e+06 -3.448e+06 -8.739e+04 -1.423e+05 -2.157e+05 -1.882e+05 -2.984e+04  -1.42e+04 -1.043e+04 -2.643e+04       8690      -2680  2.565e+04      -3990  6.234e+04 -2.784e+04  3.692e+04  2.159e+04      -8843  6.927e+04  4.784e+04      -2780  1.352e+04  2.469e+04   5.38e+04  1.918e+04  3.883e+04      -2011  4.955e+04      -7185  4.463e+04 -1.904e+04  8.577e+04  3.089e+04  2.943e+04  4.599e+04   5.87e+04  9.701e+04  6.888e+04  1.922e+04  2.176e+04  2.681e+04  2.541e+04
  2.807e+04   1.05e+04  2.554e+04       2632      -4399  2.536e+04  1.056e+04 -6.053e+04       8599  5.376e+04  1.142e+04      -1717 -1.593e+04  2.602e+04      -1427  3.045e+04   6.93e+04  3.634e+04  3.198e+04    1.4e+04  4.747e+04 -5.449e+04 -2.432e+04 -2.793e+04      -8849  2.268e+04  1.163e+04  1.962e+04  4.409e+04      515.2      -1026  1.257e+04       5788      -9147  3.684e+04       3830 -2.469e+04 -1.192e+04  -6.01e+04 -2.941e+05 -9.361e+04 -2.072e+05 -5.743e+04 -7.087e+04 -3.448e+06 -4.428e+06 -1.264e+05 -1.659e+05 -2.155e+05  -1.56e+05 -1.303e+04  -1.71e+04     -584.8      -4636  1.373e+04       6973  1.821e+04  2.403e+04  6.394e+04 -2.834e+04  3.661e+04  5.046e+04      -4409  3.836e+04       1081  4.054e+04   1.69e+04  2.336e+04  5.152e+04  2.375e+04  2.742e+04  2.701e+04  4.762e+04 -1.188e+04  4.311e+04 -6.827e+04  3.242e+04      -3930  5.847e+04       4524  5.536e+04   6.84e+04  6.172e+04  2.232e+04  2.446e+04  2.284e+04  2.213e+04
  3.194e+04  -1.76e+04 -2.397e+04  1.162e+04 -5.819e+04  -4.97e+04  1.976e+04  -6.83e+04  5.619e+04  3.611e+04  1.005e+04 -1.254e+04       4950      -3322 -2.446e+04   2.71e+04 -1.533e+04 -1.171e+05       1716      440.4       9826 -7.067e+04 -1.316e+04   1.45e+04      706.9  1.266e+04  3.675e+04  3.322e+04  3.763e+04       5029  1.696e+04  1.396e+04  2.411e+04  1.919e+04  -1.17e+04  1.024e+04 -2.833e+04 -2.024e+04 -2.742e+04 -1.918e+04  -4.17e+04  -3.06e+04 -7.461e+04 -1.164e+05 -8.739e+04 -1.264e+05 -4.125e+06 -2.056e+05 -1.792e+05 -1.996e+05 -1.785e+04 -2.331e+04  1.204e+04   2.56e+04  1.506e+04   1.97e+04   4.42e+04  4.258e+04  2.893e+04  1.092e+04  2.455e+04  2.708e+04  1.901e+04 -2.297e+04 -6.471e+04 -1.486e+05  2.173e+04  2.157e+04  2.211e+04  1.819e+04  3.429e+04  2.106e+04 -1.761e+04  1.216e+04  6.882e+04   8.03e+04  -2.51e+04 -2.504e+04  2.211e+04 -1.547e+04  -9.17e+04 -6.663e+04  1.112e+04       8551  2.327e+04 -2.559e+04  3.299e+04
  2.565e+04      -6966      -2904  1.696e+04  4.171e+04 -3.897e+04  2.887e+04  2.558e+04      -6063  1.639e+04       9029   4.19e+04  2.066e+04   2.77e+04 -2.488e+04  2.755e+04  8.149e+04  1.666e+04  3.866e+04       7465  1.854e+04 -1.487e+04  2.528e+04  2.352e+04       5567  2.467e+04  7.007e+04  1.811e+04  1.965e+04      -1418 -2.602e+04  3.568e+04  3.659e+04  1.819e+04  5.491e+04  2.814e+04  4.638e+04 -1.121e+04  -4.51e+04 -7.636e+04 -3.973e+04 -3.571e+04 -9.275e+04  -4.57e+04 -1.423e+05 -1.659e+05 -2.056e+05 -5.949e+06 -1.278e+05 -1.523e+05 -2.138e+04 -3.467e+04 -2.328e+04       7476  1.795e+04  3.036e+04  2.903e+04  2.858e+04   1.02e+05  4.387e+04  1.712e+04  4.729e+04  1.154e+04  2.346e+04  5.834e+04 -1.098e+05  1.675e+04  2.048e+04  3.871e+04    8.4e+04  1.411e+04  2.068e+04  5.355e+04  3.345e+04  9.653e+04 -4.916e+04  9.327e+04 -1.338e+04  7.203e+04  5.584e+04  6.376e+04  5.758e+04   4.12e+04  1.349e+04  1.168e+04  3.053e+04  4.522e+04
       1741 -3.325e+04 -3.097e+04  3.791e+04  2.987e+04  6.392e+04      -8743 -5.289e+04  1.916e+04  1.086e+04  1.185e+04  1.383e+04       5301 -3.706e+04 -2.023e+04 -1.497e+04 -9.599e+04 -3.384e+04 -4.357e+04 -5.605e+04       7794  -1.34e+05 -4.699e+04   2.28e+04 -3.686e+04  1.035e+04  2.109e+04  2.634e+04 -8.312e+04       5905 -1.016e+04 -1.903e+04  -2.69e+04 -5.408e+04 -3.145e+04 -1.686e+04 -1.141e+05 -2.776e+04 -6.837e+04 -5.372e+04 -4.732e+04 -7.989e+04 -1.401e+05 -2.582e+05 -2.157e+05 -2.155e+05 -1.792e+05 -1.278e+05 -8.899e+06 -6.043e+05      -4048  -2.25e+04  -8.13e+04      929.5       7551  2.503e+04  4.122e+04  4.912e+04  1.662e+04  1.245e+04  1.462e+04     -961.5  6.656e+04  3.842e+04       2906 -1.489e+05  1.831e+04 -1.025e+04  1.605e+04  2.826e+04  2.884e+04  3.238e+04 -2.605e+04  1.093e+04  1.835e+04  5.402e+04 -3.367e+04       8535  4.432e+04 -2.392e+04  2.066e+04       7277      -4967  1.494e+04  1.556e+04       3150  1.377e+04
  1.567e+04  2.919e+04  1.607e+04  2.273e+04  2.724e+04  3.093e+04 -1.044e+05 -4.756e+04 -3.409e+04       7139 -2.809e+04 -2.063e+04  2.946e+04  1.589e+04 -1.275e+04 -5.556e+04  -1.38e+04   6.07e+04 -3.062e+04  6.155e+04  6.376e+04 -1.936e+04  2.688e+04 -1.608e+04 -1.413e+04  3.183e+04  2.634e+04  1.901e+04  2.674e+04  1.211e+04  2.179e+04  1.288e+04  1.577e+04 -1.449e+04 -3.054e+04  3.062e+04  -9.52e+04      -3791 -1.147e+05 -8.296e+04 -5.147e+04 -1.025e+05 -1.962e+05 -1.025e+05 -1.882e+05  -1.56e+05 -1.996e+05 -1.523e+05 -6.043e+05 -8.997e+06      -6253 -2.354e+04  7.309e+04  5.233e+04      -6023   2.03e+04  2.748e+04  5.293e+04  6.292e+04       6943  3.658e+04  3.688e+04      -6241   2.15e+04 -3.384e+05  2.011e+04  3.766e+04  2.198e+04  1.554e+04  7.158e+04       6196  3.826e+04       2273  6.934e+04   7.39e+04  1.127e+05  8.031e+04       9312  4.468e+04       3708       9755 -8.409e+04 -2.606e+04  2.504e+04     -192.5  2.523e+04  1.624e+04
       44.2      -1021  -1.44e+04      -4904       7250       5844  1.388e+04 -1.457e+04 -1.023e+04      -3190       6952       4896  1.074e+04       2201 -1.362e+04      -5617  -4.38e+04 -1.691e+04       8427      -2459 -1.218e+04  2.463e+04      -3130      -5767       4607      90.11      -5554       3215       3576 -1.108e+04   1.04e+04       1800       7815       2131       1311 -2.479e+04 -1.105e+04      -6398 -1.115e+04 -1.397e+04 -1.868e+04      -6243 -1.584e+04  -1.14e+04 -2.984e+04 -1.303e+04 -1.785e+04 -2.138e+04      -4048      -6253 -3.156e+05 -1.027e+04  -3.05e+04  -1.76e+04       2411      -2668       3172      778.1 -1.295e+04       3940      -5190 -1.143e+05       1641  2.013e+04 -6.189e+04  1.963e+04       1241       9063       3020     -617.7       7347      761.3 -1.604e+05      -5517  1.495e+04       1750     -530.2      -8460       3107  1.038e+04       1354      -1653 -2.609e+05       3031       2775       5681       3954
       7837 -3.588e+04  -1.55e+04       2852   1.08e+04  1.029e+04      -6340 -5.115e+04      -9748 -1.251e+04       4441      -1513       1656       3727  1.357e+04  1.674e+04  5.141e+04  1.008e+04       1419       1651      -1428 -7.178e+04      -1027       1516       5067  1.164e+04       3835  1.529e+04  2.075e+04      -4023  2.022e+04       2229      -7617       8482      -5613       7331 -2.843e+04  -2.13e+04 -6.629e+04  -1.62e+04  1.413e+04 -3.732e+04      -9146 -1.373e+04  -1.42e+04  -1.71e+04 -2.331e+04 -3.467e+04  -2.25e+04 -2.354e+04 -1.027e+04 -1.302e+06 -2.254e+04       3070   1.48e+04  2.789e+04  1.871e+04  2.121e+04  2.409e+04  3.098e+04  2.452e+04  4.355e+04  3.082e+04  1.806e+04 -4.118e+04  1.694e+04  1.557e+04   2.57e+04  2.552e+04       3732  2.721e+04   2.75e+04  2.309e+04  3.758e+04  3.378e+04  5.524e+04  3.701e+04  3.157e+04  1.794e+04  1.084e+04  4.198e+04       1596   6.55e+04       5069  1.115e+04  1.863e+04  2.632e+04
 -2.824e+05 -1.044e+06 -3.164e+04      -7747  2.475e+04      -1692      -9503 -1.897e+05 -8.504e+04 -5.862e+04       8862       8317  -3.33e+04  1.818e+04 -3.631e+04     -494.7  9.084e+04  1.532e+04 -4.353e+04 -1.054e+04  8.335e+04  -3.78e+05 -2.142e+05 -9.143e+04  2.051e+04 -5.617e+04 -8.233e+04       6180 -3.411e+04      -2604 -1.287e+05       5820 -5.542e+04 -5.464e+04      761.2 -9.367e+04 -5.244e+04 -1.225e+05  -3.09e+04 -8.685e+04      -5645  5.724e+04      968.9 -1.146e+05 -1.043e+04     -584.8  1.204e+04 -2.328e+04  -8.13e+04  7.309e+04  -3.05e+04 -2.254e+04 -2.277e+07 -1.548e+06  -1.28e+05 -2.206e+05       7163 -3.045e+04  5.949e+04 -2.001e+04  3.235e+04   1.52e+04 -1.354e+04  4.098e+04  9.202e+04  9.493e+04 -3.781e+05  1.952e+04 -8.349e+04  5.109e+04 -2.328e+04      -1712      -6934  1.519e+04  6.196e+04   7.69e+04      1e+05  -3.68e+04  -6.52e+04 -2.515e+04  1.452e+04  4.978e+04       2823 -7.194e+04 -1.757e+04 -1.103e+04       1755
 -7.419e+04 -1.884e+05 -5.148e+04  2.378e+04       2266  4.868e+04  5.362e+04 -6.522e+04 -5.014e+04      -6974 -3.149e+04 -1.091e+04       7624  1.771e+04      -4129  7.532e+04     -15.68       3207  3.974e+04 -2.278e+04  -2.54e+04 -5.492e+05 -6.619e+04 -5.567e+04       1418  1.494e+04 -3.845e+04  1.086e+04 -4.631e+04  1.257e+04  1.218e+04  1.081e+04      -9474      -3595      -7019  1.228e+04      -6769 -1.614e+04  -3.47e+04  3.859e+04       8314       2095       6141  2.777e+04 -2.643e+04      -4636   2.56e+04       7476      929.5  5.233e+04  -1.76e+04       3070 -1.548e+06 -6.479e+06 -3.078e+05 -4.215e+05       2851 -4.402e+04  1.375e+04  3.236e+04       2327       2044      -2127  -6.81e+04 -2.012e+05  6.734e+04      -8463       7269  3.266e+04 -1.948e+04 -2.138e+04 -3.001e+04       3923  2.165e+04  5.765e+04  2.735e+04       4276      -7575 -4.373e+04 -2.494e+04      -1684 -3.623e+04 -5.553e+04      -4021 -3.089e+04  2.753e+04   2.97e+04
     -332.1 -1.454e+04      -3158   1.62e+04  1.474e+04  3.126e+04  2.284e+04      -9399      -6326      445.9       5072  1.427e+04  1.137e+04  2.252e+04  2.036e+04  3.068e+04  2.527e+04   2.14e+04  1.787e+04       2059  1.245e+04 -4.521e+04  1.653e+04       5348   1.34e+04  1.829e+04      -7537  1.512e+04       1084       5154       8267  1.439e+04  1.058e+04       8372  1.703e+04       6134  1.263e+04       6843       5960   2.71e+04  1.459e+04 -1.885e+04   2.11e+04  1.522e+04       8690  1.373e+04  1.506e+04  1.795e+04       7551      -6023       2411   1.48e+04  -1.28e+05 -3.078e+05  -5.96e+05  2.585e+04       5877  1.647e+04      -4350       8767  1.667e+04  1.676e+04       9729  1.228e+04 -2.004e+04  4.163e+04       2987  1.773e+04  1.884e+04   1.52e+04  1.123e+04       7799  2.312e+04  1.748e+04   1.99e+04  2.203e+04  2.539e+04  1.151e+04  2.773e+04  2.033e+04  2.923e+04  2.385e+04  1.932e+04       6595       7583  2.168e+04   1.77e+04
       2432 -4.369e+04       1457  1.579e+04       1770   2.42e+04  3.132e+04 -1.988e+04 -1.605e+04       5564  1.186e+04       7858       5788  2.625e+04      112.8  4.059e+04  1.315e+04  1.862e+04  2.798e+04  1.059e+04  2.801e+04 -8.651e+04   -1.7e+04       4173       3765       8770  1.397e+04  1.377e+04      -6253     -663.1  1.471e+04       6789  1.669e+04  3.383e+04  2.162e+04       5406  3.802e+04      -2766  1.718e+04  2.431e+04  2.179e+04  4.312e+04  2.578e+04  3.665e+04      -2680       6973   1.97e+04  3.036e+04  2.503e+04   2.03e+04      -2668  2.789e+04 -2.206e+05 -4.215e+05  2.585e+04 -7.863e+05 -1.351e+04 -7.726e+04 -3.424e+04 -1.959e+04 -1.323e+04      -2123      -4809 -1.146e+04 -4.521e+04  1.653e+04      -5800   1.27e+04  1.867e+04      -8599  1.422e+04   1.23e+04  1.219e+04  1.089e+04  1.301e+04      -5170       4276      -5545       4316  1.591e+04       5260     -42.28  2.888e+04   1.25e+04       1100       8883  1.526e+04
  2.091e+04       5822  1.321e+04  1.141e+04       5909  2.888e+04  1.703e+04 -1.088e+04   1.75e+04       3181  1.166e+04  2.094e+04       8287       6811       6226  2.515e+04       5570  2.187e+04  1.569e+04      -2745       9419  3.339e+04   2.03e+04       6164  1.381e+04   1.68e+04  2.272e+04  1.216e+04  1.048e+04      -4311  1.977e+04  2.529e+04   1.69e+04  2.753e+04   3.07e+04     -797.3  5.639e+04  1.437e+04  1.924e+04  1.045e+04   3.15e+04  3.085e+04  2.539e+04  3.887e+04  2.565e+04  1.821e+04   4.42e+04  2.903e+04  4.122e+04  2.748e+04       3172  1.871e+04       7163       2851       5877 -1.351e+04 -1.427e+06 -1.848e+05 -7.114e+04      -6990 -1.136e+04      -5152      -3957      -8164      -9710  -6.11e+04  1.146e+04       9478  1.943e+04  1.134e+04  2.462e+04  2.188e+04  2.325e+04  2.448e+04  2.579e+04  3.552e+04      -1186       8926  3.525e+04  2.217e+04  1.988e+04  3.362e+04  4.356e+04  1.231e+04  1.121e+04  1.325e+04  2.389e+04
  2.785e+04      -7068  1.052e+04       7817  2.187e+04  1.991e+04  1.398e+04       8328 -1.421e+04  1.105e+04  1.632e+04       1393      -9926       8206       6085       6836  1.559e+04  3.077e+04  2.184e+04  1.426e+04  2.134e+04 -3.002e+04       1363  1.253e+04        491       6155  1.367e+04  1.094e+04  1.271e+04      -4978  2.727e+04  1.752e+04  2.718e+04  3.534e+04   1.87e+04  -1.24e+04  4.408e+04  1.165e+04  2.292e+04       5280  3.378e+04  5.151e+04  3.995e+04  3.349e+04      -3990  2.403e+04  4.258e+04  2.858e+04  4.912e+04  5.293e+04      778.1  2.121e+04 -3.045e+04 -4.402e+04  1.647e+04 -7.726e+04 -1.848e+05 -1.897e+06  -1.95e+05 -6.181e+04 -8.247e+04 -6.473e+04 -4.561e+04 -6.785e+04 -1.038e+05 -9.352e+04  1.153e+04  1.538e+04       5358  2.467e+04  1.267e+04       7600 -2.186e+04  2.301e+04  1.557e+04  5.249e+04  1.896e+04      -2217  2.076e+04  2.849e+04    3.8e+04  3.438e+04  3.084e+04       7694       7192  1.081e+04  1.649e+04
  3.493e+04       2824 -1.466e+04   2.84e+04  2.548e+04       4367 -2.065e+04 -6.929e+04  3.278e+04  4.627e+04      -2163    2.6e+04      -3556  4.132e+04       4252 -1.142e+04  2.151e+04      -2976  4.082e+04  4.922e+04      -3903  6.893e+04  3.521e+04 -1.546e+04   3.85e+04 -3.992e+04 -3.685e+04   1.16e+04      -2876       4581  3.518e+04  1.123e+04  1.957e+04  3.795e+04 -4.472e+04 -2.746e+04 -3.388e+04  1.959e+04  1.938e+04  1.491e+04  4.926e+04  1.133e+05  6.165e+04  3.746e+04  6.234e+04  6.394e+04  2.893e+04   1.02e+05  1.662e+04  6.292e+04 -1.295e+04  2.409e+04  5.949e+04  1.375e+04      -4350 -3.424e+04 -7.114e+04  -1.95e+05 -1.474e+07 -2.957e+05 -8.499e+05 -1.006e+06     -559.7 -8.959e+04       3961 -2.097e+05   2.79e+04 -2.215e+04  2.126e+04  4.775e+04  2.913e+04      2e+04 -5.487e+04      -6107 -2.523e+04  7.793e+04      -1050  7.208e+04  2.605e+04  3.514e+04  1.754e+04  5.985e+04 -2.338e+04  1.535e+04  2.019e+04  1.482e+04  2.248e+04
  1.841e+04  1.979e+04  1.099e+04  1.889e+04  1.058e+04   2.12e+04       7218  1.267e+04       2030  1.185e+04  2.962e+04  3.469e+04 -1.322e+04  2.922e+04      -8265  3.098e+04  6.346e+04      -6621      -1900  2.175e+04  2.862e+04   1.64e+04  2.654e+04 -1.308e+04 -3.376e+04       5423       6536       1017  2.072e+04       7925  2.502e+04  2.066e+04       2299  2.314e+04 -4.216e+04 -4.961e+04 -1.375e+04  1.337e+04   2.41e+04 -7.552e+04  2.407e+04        276  6.225e+04   3.35e+04 -2.784e+04 -2.834e+04  1.092e+04  4.387e+04  1.245e+04       6943       3940  3.098e+04 -2.001e+04  3.236e+04       8767 -1.959e+04      -6990 -6.181e+04 -2.957e+05 -2.816e+06  -1.05e+05 -4.735e+04 -2.363e+04 -7.136e+04  -1.34e+05 -5.082e+04       9656       8986  1.686e+04  3.073e+04  1.888e+04  1.228e+04  2.743e+04  1.173e+04  5.935e+04      -1323  1.466e+04      -5020 -1.666e+04       7956  1.812e+04 -2.291e+04  2.453e+04  1.609e+04  1.282e+04       8147  1.682e+04
  3.907e+04  2.392e+04   2.33e+04   2.94e+04    1.5e+04 -4.913e+04 -1.091e+04      -3089      747.6  3.535e+04       6355  1.711e+04  2.634e+04       2949  4.915e+04  1.936e+04      -8976  1.163e+04       3669  5.834e+04      208.4  8.579e+04  3.265e+04       5445  2.145e+04  2.105e+04  4.131e+04  2.383e+04  4.202e+04      -2924   4.59e+04 -1.532e+04  3.724e+04  3.924e+04  2.268e+04 -2.147e+04 -1.619e+04       5857  1.762e+04  2.722e+04  4.802e+04  7.659e+04   3.49e+04  5.187e+04  3.692e+04  3.661e+04  2.455e+04  1.712e+04  1.462e+04  3.658e+04      -5190  2.452e+04  3.235e+04       2327  1.667e+04 -1.323e+04 -1.136e+04 -8.247e+04 -8.499e+05  -1.05e+05 -3.702e+06 -1.512e+05 -8.369e+04 -8.089e+04 -2.413e+04 -4.283e+04  1.142e+04  1.401e+04  2.864e+04     -194.1  1.001e+04       6271       1675  2.684e+04  2.857e+04  7.007e+04  6.607e+04       4887      -8418  5.621e+04      -5438 -1.907e+04      -2643  1.949e+04  1.514e+04       9012  2.954e+04
  4.239e+04  3.915e+04  1.378e+04   3.07e+04      -1108  1.493e+04      -4097  3.611e+04  1.844e+04  1.875e+04  2.597e+04  2.779e+04     -907.5  1.505e+04  2.924e+04  2.418e+04  3.346e+04     -554.4  4.009e+04  3.064e+04 -1.927e+04  6.611e+04  2.928e+04  2.113e+04   2.35e+04      -2156  2.291e+04       9559  2.774e+04       7433  5.093e+04  2.342e+04  4.299e+04  4.089e+04  2.314e+04 -1.382e+04 -1.368e+04  3.906e+04  1.733e+04  5.214e+04  2.856e+04  6.081e+04  2.491e+04  2.948e+04  2.159e+04  5.046e+04  2.708e+04  4.729e+04     -961.5  3.688e+04 -1.143e+05  4.355e+04   1.52e+04       2044  1.676e+04      -2123      -5152 -6.473e+04 -1.006e+06 -4.735e+04 -1.512e+05 -4.512e+06 -1.168e+05 -1.621e+05 -1.533e+05 -6.325e+04       6675  3.529e+04       6686  4.784e+04  2.635e+04  2.795e+04 -4.645e+05       9877  5.301e+04  2.621e+04       1702      -5279  4.447e+04  3.098e+04  3.449e+04 -2.023e+04 -7.291e+05  2.527e+04  2.842e+04       6798  3.501e+04
  5.996e+04  2.446e+04       1951  1.052e+04  3.059e+04  6.275e+04   3.79e+04  2.488e+04 -5.996e+04  3.731e+04  1.635e+04  2.596e+04  3.811e+04  2.118e+04  3.651e+04  2.971e+04 -5.612e+04   5.48e+04  3.233e+04  6.251e+04   3.18e+04  6.118e+04  -1.28e+04  4.293e+04  3.073e+04  3.696e+04  2.865e+04  1.413e+04  2.809e+04       2041       4772       4794  1.637e+04  4.335e+04  1.333e+04     -816.9  5.504e+04  2.249e+04       3158 -1.002e+04  4.986e+04  6.379e+04  2.321e+04  5.395e+04      -8843      -4409  1.901e+04  1.154e+04  6.656e+04      -6241       1641  3.082e+04 -1.354e+04      -2127       9729      -4809      -3957 -4.561e+04     -559.7 -2.363e+04 -8.369e+04 -1.168e+05 -6.543e+06 -3.545e+05 -1.569e+05 -1.501e+05  1.587e+04  1.276e+04  4.575e+04  8.129e+04   3.79e+04  1.841e+04  3.428e+04       8125  1.044e+04  6.019e+04       9966  7.823e+04      -7373 -2.586e+04       8600  4.598e+04  2.603e+04  3.528e+04   1.48e+04  3.821e+04  3.422e+04
  2.648e+04  1.642e+04      -6235  3.166e+04  3.904e+04  2.845e+04 -3.864e+04       1819  1.008e+04  2.218e+04  2.138e+04  2.707e+04  3.589e+04  3.863e+04  2.862e+04       8535  6.528e+04    1.4e+04  8.236e+04       9782      -6670  2.254e+04 -1.773e+04       6404       2423  1.613e+04  1.629e+04  1.288e+04       5670       5214  1.476e+04  3.209e+04 -2.095e+04  1.476e+04 -4.861e+04 -1.991e+04  1.858e+04  2.676e+04  6.009e+04  4.632e+04  3.318e+04   1.23e+05  3.818e+04  1.181e+04  6.927e+04  3.836e+04 -2.297e+04  2.346e+04  3.842e+04   2.15e+04  2.013e+04  1.806e+04  4.098e+04  -6.81e+04  1.228e+04 -1.146e+04      -8164 -6.785e+04 -8.959e+04 -7.136e+04 -8.089e+04 -1.621e+05 -3.545e+05 -7.352e+06 -4.185e+05 -8.045e+05  1.176e+04 -1.382e+04  2.581e+04  3.495e+04  1.145e+04  1.733e+04  4.515e+04  5.714e+04       7994  1.366e+04       2231 -2.984e+04  5.238e+04   3.78e+04  6.128e+04  5.024e+04   1.29e+04       1427  2.081e+04       2845  3.363e+04
   4.06e+04  3.303e+04 -4.003e+04 -2.707e+04  4.328e+04  3.949e+04 -1.712e+05 -1.536e+05  7.098e+04  -6.29e+04 -1.584e+05  3.719e+04  4.307e+04 -1.025e+04  4.132e+04  5.932e+04  8.124e+04 -6.511e+04 -1.389e+04 -2.031e+05 -2.441e+04  8.096e+04  6.708e+04 -2.239e+04       1190  2.333e+04  4.716e+04   3.43e+04  4.378e+04   3.33e+04   5.64e+04  -1.42e+05  4.894e+04  5.364e+04       8516 -1.027e+04       9508    1.9e+04 -1.313e+05  7.528e+04  7.265e+04  1.107e+05 -3.457e+05      -2349  4.784e+04       1081 -6.471e+04  5.834e+04       2906 -3.384e+05 -6.189e+04 -4.118e+04  9.202e+04 -2.012e+05 -2.004e+04 -4.521e+04      -9710 -1.038e+05       3961  -1.34e+05 -2.413e+04 -1.533e+05 -1.569e+05 -4.185e+05 -1.857e+07 -1.201e+06  1.671e+04  2.757e+04  -1.26e+04       4608  6.841e+04 -9.867e+04  1.271e+04  2.886e+04  4.136e+04  2.978e+04 -5.547e+04  1.066e+05 -2.969e+04  3.466e+04 -2.292e+05  4.638e+04   5.98e+04   2.37e+04 -2.074e+04   5.88e+04  3.463e+04
  2.435e+04  4.266e+04  7.113e+04 -3.545e+04  1.777e+04  4.136e+04   1.24e+05      -1085   1.18e+05  1.033e+05  1.042e+04  5.208e+04  8.833e+04   2.44e+04 -6.723e+04      -8848   5.82e+04  2.571e+04 -8.588e+04  6.213e+04 -7.936e+04  1.063e+05  4.881e+04  2.408e+04 -2.191e+04      -3646  4.696e+04       3926  2.833e+04     -147.1 -6.832e+04      -4563  4.852e+04   2.77e+04  6.299e+04 -1.725e+05 -7.371e+04  6.792e+04       1859      128.3 -6.128e+04  7.813e+04  2.634e+04 -5.255e+04      -2780  4.054e+04 -1.486e+05 -1.098e+05 -1.489e+05  2.011e+04  1.963e+04  1.694e+04  9.493e+04  6.734e+04  4.163e+04  1.653e+04  -6.11e+04 -9.352e+04 -2.097e+05 -5.082e+04 -4.283e+04 -6.325e+04 -1.501e+05 -8.045e+05 -1.201e+06 -2.337e+07  3.972e+04  3.133e+04 -4.464e+04  8.992e+04  4.416e+04  1.963e+04      -1024  4.207e+04      -1495  -3.39e+04 -6.786e+04  5.452e+04  9.903e+04      -4887  4.246e+04  5.501e+04   4.72e+04       5067  1.731e+04  1.269e+04   1.63e+04
 -1.032e+04 -4.511e+04  1.144e+04  1.001e+04  1.106e+04  2.261e+04  1.269e+04 -2.569e+04 -2.894e+04 -1.696e+04  1.542e+04       7448      -1429  1.561e+04      -2723  3.199e+04  4.991e+04  2.625e+04  2.173e+04  1.981e+04  3.381e+04  -5.83e+04      -7005       4316       9868  1.778e+04      -4116  1.411e+04       7899      -1359  1.556e+04  1.161e+04       5233  1.906e+04  1.779e+04   1.27e+04  3.616e+04       4311   1.44e+04        -21   2.65e+04  2.885e+04       6936  1.424e+04  1.352e+04   1.69e+04  2.173e+04  1.675e+04  1.831e+04  3.766e+04       1241  1.557e+04 -3.781e+05      -8463       2987      -5800  1.146e+04  1.153e+04   2.79e+04       9656  1.142e+04       6675  1.587e+04  1.176e+04  1.671e+04  3.972e+04 -9.472e+05       9384 -1.096e+05      -8715      -7161      -3786 -2.134e+04      -6395       6635       9541  -1.61e+04 -2.269e+04      -9146 -2.664e+04  1.306e+04       6125  1.375e+04       5009       3670  1.809e+04  1.097e+04
  2.251e+04      678.5  2.121e+04  2.519e+04  2.089e+04  3.224e+04  3.191e+04  3.293e+04      -9572       8535  1.718e+04  2.294e+04  1.925e+04       7754  2.473e+04  4.424e+04      -3531    1.6e+04  1.476e+04       1676  1.265e+04  4.797e+04  1.861e+04  2.533e+04   1.04e+04  3.393e+04  3.744e+04  1.636e+04  2.569e+04       4598  2.539e+04  1.579e+04  2.724e+04  2.399e+04      -1691  2.323e+04 -2.368e+04  2.394e+04  3.256e+04  2.233e+04  3.399e+04  4.411e+04  3.025e+04  3.241e+04  2.469e+04  2.336e+04  2.157e+04  2.048e+04 -1.025e+04  2.198e+04       9063   2.57e+04  1.952e+04       7269  1.773e+04   1.27e+04       9478  1.538e+04 -2.215e+04       8986  1.401e+04  3.529e+04  1.276e+04 -1.382e+04  2.757e+04  3.133e+04       9384 -1.473e+06 -2.211e+05 -1.956e+04 -4.096e+04      -5404 -1.578e+04 -1.738e+04 -1.308e+04       4056 -1.051e+04 -1.515e+04      -7441 -2.221e+04       2814       8965  1.267e+04  1.502e+04  1.528e+04  1.508e+04  1.504e+04
  2.977e+04 -1.471e+04  1.606e+04  3.201e+04  2.509e+04  4.585e+04  1.669e+04       8640 -1.745e+04  -1.15e+04  1.396e+04      380.8  -1.11e+04  3.816e+04   3.46e+04      -8224 -1.613e+04  2.921e+04  1.665e+04  4.802e+04  4.318e+04 -2.046e+04      -7849  2.043e+04       7542  2.293e+04      -2065  1.567e+04  1.411e+04 -1.035e+04  4.211e+04  1.617e+04  1.585e+04  3.519e+04  1.632e+04      -7661  3.371e+04  2.197e+04  1.646e+04  3.516e+04   2.79e+04   2.96e+04  3.334e+04 -3.208e+04   5.38e+04  5.152e+04  2.211e+04  3.871e+04  1.605e+04  1.554e+04       3020  2.552e+04 -8.349e+04  3.266e+04  1.884e+04  1.867e+04  1.943e+04       5358  2.126e+04  1.686e+04  2.864e+04       6686  4.575e+04  2.581e+04  -1.26e+04 -4.464e+04 -1.096e+05 -2.211e+05 -3.083e+06 -7.334e+04 -3.704e+04  -4.39e+04 -1.905e+05 -3.296e+04 -4.812e+04 -6.482e+04 -7.839e+04 -7.991e+04 -6.472e+04 -8.201e+04 -2.949e+04 -9.384e+04 -7.415e+04       2373   1.74e+04  2.263e+04       7123
  1.423e+04      -8939  1.737e+04  1.499e+04  4.196e+04       6374       5721       7144  5.129e+04 -1.591e+04  1.065e+04  4.029e+04  1.151e+04  1.063e+04  3.294e+04     -84.34  7.094e+04  2.011e+04  4.428e+04 -2.311e+04  4.614e+04 -3.527e+04       2283      -4486      -3370 -1.482e+04 -2.036e+04  3.199e+04  2.266e+04  1.834e+04  3.582e+04 -1.647e+04  4.664e+04  6.263e+04   2.31e+04   3.95e+04  2.271e+04  1.705e+04       6826     -32.04  3.323e+04 -7.337e+04  5.558e+04  -3.61e+04  1.918e+04  2.375e+04  1.819e+04    8.4e+04  2.826e+04  7.158e+04     -617.7       3732  5.109e+04 -1.948e+04   1.52e+04      -8599  1.134e+04  2.467e+04  4.775e+04  3.073e+04     -194.1  4.784e+04  8.129e+04  3.495e+04       4608  8.992e+04      -8715 -1.956e+04 -7.334e+04 -7.065e+06 -2.277e+05 -4.456e+05 -6.317e+05 -3.077e+04 -3.882e+04 -1.336e+05 -1.526e+05 -7.564e+04 -5.478e+04  -9.48e+04 -1.374e+05 -1.461e+04 -1.039e+05  1.629e+04   2.38e+04 -1.755e+04       9506
   1.88e+04 -2.796e+04  1.556e+04  1.322e+04  1.748e+04  2.798e+04      -7179       1549   6.94e+04  2.011e+04  1.978e+04   2.29e+04       9010  2.198e+04  4.311e+04       9724      -1129  1.955e+04  4.317e+04 -2.075e+04  4.983e+04 -1.397e+04  1.609e+04       9901  1.928e+04  1.774e+04     -787.8  2.462e+04  1.444e+04       4456  5.154e+04   2.56e+04  1.086e+04  3.379e+04  3.027e+04       6819  4.049e+04  2.867e+04  1.167e+04  1.049e+04  2.881e+04      -5125      -8196       8087  3.883e+04  2.742e+04  3.429e+04  1.411e+04  2.884e+04       6196       7347  2.721e+04 -2.328e+04 -2.138e+04  1.123e+04  1.422e+04  2.462e+04  1.267e+04  2.913e+04  1.888e+04  1.001e+04  2.635e+04   3.79e+04  1.145e+04  6.841e+04  4.416e+04      -7161 -4.096e+04 -3.704e+04 -2.277e+05 -2.809e+06  -3.05e+04 -4.551e+04 -7.919e+04  -5.68e+04 -6.241e+04 -4.689e+04 -1.139e+05  -8.95e+04 -3.956e+04 -9.477e+04 -3.532e+04      -2626  1.005e+04  1.434e+04  1.725e+04  1.186e+04
  2.047e+04      -8652      -8901   2.79e+04  1.761e+04 -3.712e+04 -2.289e+04       3344  4.335e+04  2.543e+04  1.835e+04  3.037e+04  3.477e+04  4.213e+04       6185  2.587e+04  -5.78e+04      -5205      -9682  2.684e+04  5.109e+04  5.974e+04       5809  1.483e+04  1.465e+04  2.406e+04      -5897  2.152e+04  2.323e+04       7138       6531      -5987  2.506e+04  2.161e+04  3.099e+04  3.342e+04       3107  2.937e+04  1.157e+04  2.305e+04  2.467e+04  2.092e+04  1.838e+04  1.926e+04      -2011  2.701e+04  2.106e+04  2.068e+04  3.238e+04  3.826e+04      761.3   2.75e+04      -1712 -3.001e+04       7799   1.23e+04  2.188e+04       7600      2e+04  1.228e+04       6271  2.795e+04  1.841e+04  1.733e+04 -9.867e+04  1.963e+04      -3786      -5404  -4.39e+04 -4.456e+05  -3.05e+04 -2.542e+06 -9.968e+04 -5.791e+04  -5.27e+04 -1.081e+05 -6.265e+04 -5.354e+04 -7.173e+04 -3.043e+04 -8.245e+04 -5.694e+04 -5.545e+04  2.938e+04  1.276e+04   2.24e+04       4703
 -2.201e+04 -1.181e+04  2.172e+04  2.008e+04  1.279e+04  4.479e+04   7.22e+04 -2.481e+04 -5.874e+04  4.557e+04  1.692e+04  1.389e+04   2.94e+04       8971      -5118  2.585e+04 -1.456e+05 -3.853e+04 -2.642e+04  2.146e+04  3.132e+04  1.946e+04  4.743e+04  4.927e+04  2.367e+04       8980   1.94e+04  2.275e+04  4.214e+04  2.975e+04  3.586e+04      -9985  3.663e+04  1.746e+04  1.826e+04  2.439e+04      351.3  1.399e+04  4.126e+04       7945 -1.041e+04  7.667e+04  5.007e+04   1.03e+04  4.955e+04  4.762e+04 -1.761e+04  5.355e+04 -2.605e+04       2273 -1.604e+05  2.309e+04      -6934       3923  2.312e+04  1.219e+04  2.325e+04 -2.186e+04 -5.487e+04  2.743e+04       1675 -4.645e+05  3.428e+04  4.515e+04  1.271e+04      -1024 -2.134e+04 -1.578e+04 -1.905e+05 -6.317e+05 -4.551e+04 -9.968e+04 -6.889e+06 -1.622e+05 -5.178e+04 -5.392e+04 -1.348e+05 -5.507e+04 -1.124e+05 -5.428e+04 -6.441e+04 -1.305e+05 -1.385e+06   2.24e+04  2.429e+04  1.733e+04  1.173e+04
      -8295  1.228e+04  1.579e+04  5.201e+04  3.302e+04  6.818e+04       3529  5.264e+04   3.02e+04 -2.234e+04   2.14e+04  4.151e+04  2.298e+04  1.517e+04  3.426e+04  4.091e+04       2235  2.969e+04       7030      120.1  7.256e+04 -7.549e+04       8028  1.037e+04  3.794e+04  2.803e+04   1.55e+04  2.074e+04   3.98e+04  1.755e+04  4.731e+04      -4637  2.739e+04       9072  5.876e+04  1.208e+04  7.125e+04  5.302e+04  3.369e+04  4.618e+04  2.761e+04  4.252e+04  2.354e+04       8650      -7185 -1.188e+04  1.216e+04  3.345e+04  1.093e+04  6.934e+04      -5517  3.758e+04  1.519e+04  2.165e+04  1.748e+04  1.089e+04  2.448e+04  2.301e+04      -6107  1.173e+04  2.684e+04       9877       8125  5.714e+04  2.886e+04  4.207e+04      -6395 -1.738e+04 -3.296e+04 -3.077e+04 -7.919e+04 -5.791e+04 -1.622e+05 -5.489e+06 -1.078e+05 -2.897e+05 -1.572e+05 -1.716e+05 -2.182e+05  -3.72e+04  -3.17e+04 -8.123e+04 -1.344e+05   1.23e+04   1.67e+04  2.348e+04  1.661e+04
  4.459e+04       7136  1.885e+04  1.486e+04       8248  6.077e+04 -6.405e+04   1.78e+04  6.423e+04      -8256  4.559e+04  1.668e+04 -1.289e+04   4.26e+04  3.096e+04  4.864e+04    4.9e+04  -8.49e+04  3.676e+04 -6.984e+04  9.216e+04  2.228e+04   7.17e+04  3.598e+04  4.048e+04  2.075e+04  1.538e+04  3.069e+04       6645       9926  5.003e+04  2.757e+04  4.531e+04   2.63e+04  1.243e+04       -621  2.341e+04      -3998  1.542e+04  -1.47e+04  3.565e+04      -6155  2.976e+04   1.89e+04  4.463e+04  4.311e+04  6.882e+04  9.653e+04  1.835e+04   7.39e+04  1.495e+04  3.378e+04  6.196e+04  5.765e+04   1.99e+04  1.301e+04  2.579e+04  1.557e+04 -2.523e+04  5.935e+04  2.857e+04  5.301e+04  1.044e+04       7994  4.136e+04      -1495       6635 -1.308e+04 -4.812e+04 -3.882e+04  -5.68e+04  -5.27e+04 -5.178e+04 -1.078e+05 -8.699e+06 -6.503e+05 -1.734e+05 -1.262e+05 -4.486e+04 -7.764e+04 -4.963e+04 -1.238e+05 -7.431e+04  1.336e+04  2.578e+04  1.841e+04 -1.126e+04
  6.053e+04  1.236e+04 -3.117e+04       3172  4.536e+04  9.459e+04   2.75e+04 -7.356e+04 -7.011e+04      -7823  1.333e+04      -2554  6.952e+04  3.206e+04  1.131e+04   7.87e+04  9.033e+04 -2.903e+04  3.193e+04  1.085e+05  3.781e+04  2.086e+04  5.449e+04 -1.044e+04  3.072e+04  -3.02e+04   3.83e+04  2.759e+04  1.421e+04  2.046e+04   6.79e+04  6.059e+04  7.905e+04  3.955e+04  4.811e+04  2.196e+04 -1.177e+05 -2.187e+04  2.125e+04  3.567e+04  2.052e+04  1.068e+05 -5.841e+04  3.052e+04 -1.904e+04 -6.827e+04   8.03e+04 -4.916e+04  5.402e+04  1.127e+05       1750  5.524e+04   7.69e+04  2.735e+04  2.203e+04      -5170  3.552e+04  5.249e+04  7.793e+04      -1323  7.007e+04  2.621e+04  6.019e+04  1.366e+04  2.978e+04  -3.39e+04       9541       4056 -6.482e+04 -1.336e+05 -6.241e+04 -1.081e+05 -5.392e+04 -2.897e+05 -6.503e+05 -2.131e+07  -3.05e+05 -4.499e+05 -1.175e+05 -2.257e+05 -5.983e+04 -1.378e+05  -1.51e+05  2.555e+04       8065  5.454e+04       9753
  4.034e+04 -1.575e+04      -8767       7187   3.05e+04  5.992e+04  6.502e+04  1.743e+04 -2.698e+04  6.751e+04  3.396e+04  4.134e+04 -2.847e+04  1.773e+04  3.412e+04      -4439 -1.138e+05  4.952e+04       4514 -3.091e+04 -1.808e+04   3.83e+04  4.781e+04 -2.787e+04      -9462      -1569  6.622e+04  2.592e+04  3.506e+04      -2929  2.804e+04 -1.098e+04  1.059e+04  3.313e+04 -1.954e+04  4.394e+04  2.503e+04 -1.746e+04  2.611e+04  1.579e+04  3.253e+04  1.364e+05  4.322e+04  3.798e+04  8.577e+04  3.242e+04  -2.51e+04  9.327e+04 -3.367e+04  8.031e+04     -530.2  3.701e+04      1e+05       4276  2.539e+04       4276      -1186  1.896e+04      -1050  1.466e+04  6.607e+04       1702       9966       2231 -5.547e+04 -6.786e+04  -1.61e+04 -1.051e+04 -7.839e+04 -1.526e+05 -4.689e+04 -6.265e+04 -1.348e+05 -1.572e+05 -1.734e+05  -3.05e+05 -1.101e+07 -3.655e+05 -3.697e+04 -1.309e+05 -4.729e+04 -6.727e+04 -7.202e+04  1.003e+04      -3286   1.66e+04       2891
 -5.909e+04 -3.181e+04  2.409e+04       1458 -1.608e+04 -4.969e+04 -4.379e+04 -9.465e+04  2.612e+04  5.963e+04       4195  5.286e+04  4.354e+04       8860  2.922e+04      -5384 -3.756e+04 -8.658e+04   2.47e+04  9.793e+04  8.614e+04 -1.291e+05  4.859e+04 -2.608e+04  -2.89e+04  2.202e+04  6.748e+04   1.78e+04  4.768e+04  1.805e+04  5.303e+04      -1722   2.81e+04      -5714  1.525e+04  4.661e+04     -686.7   4.99e+04  2.932e+04 -3.191e+04  1.593e+04  4.898e+04  1.356e+04  1.465e+04  3.089e+04      -3930 -2.504e+04 -1.338e+04       8535       9312      -8460  3.157e+04  -3.68e+04      -7575  1.151e+04      -5545       8926      -2217  7.208e+04      -5020       4887      -5279  7.823e+04 -2.984e+04  1.066e+05  5.452e+04 -2.269e+04 -1.515e+04 -7.991e+04 -7.564e+04 -1.139e+05 -5.354e+04 -5.507e+04 -1.716e+05 -1.262e+05 -4.499e+05 -3.655e+05 -1.144e+07 -6.206e+04  -4.43e+04  -1.34e+04 -3.763e+04 -5.892e+04  1.845e+04      -2334  2.115e+04  1.395e+04
       7609       1747  1.773e+04 -1.703e+04      -1027 -1.965e+04  2.357e+04       8626  4.216e+04      -7704       4374  1.428e+04       3690  1.684e+04  5.068e+04  1.559e+04  2.914e+04 -3.686e+04  6.443e+04  2.286e+04  6.125e+04  4.626e+04 -3.336e+04   1.69e+04  1.983e+04  2.341e+04 -1.066e+04  1.311e+04  5.089e+04      -6608      -3602 -2.445e+04     -623.4   3.48e+04  6.768e+04  2.126e+04 -1.959e+04   1.54e+04  2.612e+04  3.772e+04  3.824e+04 -1.318e+04 -4.676e+04  8.812e+04  2.943e+04  5.847e+04  2.211e+04  7.203e+04  4.432e+04  4.468e+04       3107  1.794e+04  -6.52e+04 -4.373e+04  2.773e+04       4316  3.525e+04  2.076e+04  2.605e+04 -1.666e+04      -8418  4.447e+04      -7373  5.238e+04 -2.969e+04  9.903e+04      -9146      -7441 -6.472e+04 -5.478e+04  -8.95e+04 -7.173e+04 -1.124e+05 -2.182e+05 -4.486e+04 -1.175e+05 -3.697e+04 -6.206e+04 -6.552e+06 -1.443e+05   -2.4e+05 -1.293e+05 -1.383e+05       9432  2.574e+04  3.325e+04  1.784e+04
       9390       5932  1.716e+04  3.542e+04  1.488e+04  3.989e+04 -2.724e+04  2.383e+04 -2.824e+04 -5.262e+04  1.404e+04      265.5       7952  1.149e+04  1.865e+04  2.759e+04  2.622e+04     -570.9 -2.644e+04  7.498e+04   5.43e+04  9.688e+04      -8000  3.005e+04      -9264  3.008e+04      -3463  2.638e+04  4.665e+04      -1208  5.271e+04  2.176e+04   2.43e+04  2.328e+04       1928 -5.593e+04 -6.664e+04  3.249e+04       6399  3.749e+04  3.607e+04  4.574e+04  2.905e+04 -1.837e+04  4.599e+04       4524 -1.547e+04  5.584e+04 -2.392e+04       3708  1.038e+04  1.084e+04 -2.515e+04 -2.494e+04  2.033e+04  1.591e+04  2.217e+04  2.849e+04  3.514e+04       7956  5.621e+04  3.098e+04 -2.586e+04   3.78e+04  3.466e+04      -4887 -2.664e+04 -2.221e+04 -8.201e+04  -9.48e+04 -3.956e+04 -3.043e+04 -5.428e+04  -3.72e+04 -7.764e+04 -2.257e+05 -1.309e+05  -4.43e+04 -1.443e+05 -5.689e+06  -2.38e+05 -1.223e+05 -1.031e+05  1.422e+04  1.685e+04       5653  2.469e+04
  4.149e+04  3.461e+04       4724 -3.231e+04  -7.41e+04  5.903e+04  5.439e+04  2.272e+04       7820 -4.708e+04  2.338e+04  1.296e+04  3.967e+04  3.182e+04  7.804e+04  4.291e+04  4.117e+04 -1.142e+05    9.3e+04      -3318  1.116e+04  6.199e+04  5.605e+04  4.562e+04  3.098e+04  1.471e+04       -501  1.833e+04       7299       7755  2.528e+04      -1702  5.404e+04  3.043e+04     -223.9       6064  5.328e+04  5.434e+04  3.312e+04  3.957e+04  3.118e+04 -2.077e+05  2.882e+04  4.039e+04   5.87e+04  5.536e+04  -9.17e+04  6.376e+04  2.066e+04       9755       1354  4.198e+04  1.452e+04      -1684  2.923e+04       5260  1.988e+04    3.8e+04  1.754e+04  1.812e+04      -5438  3.449e+04       8600  6.128e+04 -2.292e+05  4.246e+04  1.306e+04       2814 -2.949e+04 -1.374e+05 -9.477e+04 -8.245e+04 -6.441e+04  -3.17e+04 -4.963e+04 -5.983e+04 -4.729e+04  -1.34e+04   -2.4e+05  -2.38e+05 -8.002e+06 -4.835e+05 -1.487e+05  1.238e+04       6198 -3.643e+04      599.3
  -5.22e+04  1.624e+04  1.119e+04  3.199e+04 -4.182e+04  2.925e+04      -4081  3.222e+04  4.742e+04  1.037e+04  3.197e+04  1.977e+04  6.785e+04  4.309e+04  7.535e+04   2.21e+04 -1.038e+05 -1.064e+05  4.642e+04   5.84e+04  1.018e+04  -1.69e+04  6.728e+04  4.836e+04       5800      -5074  5.044e+04  1.995e+04      -3908  2.023e+04  3.454e+04  2.248e+04  5.728e+04 -1.626e+04  5.332e+04 -9.051e+04 -5.013e+04  5.059e+04  6.695e+04  2.257e+04  5.339e+04   1.17e+05  4.235e+04   9.46e+04  9.701e+04   6.84e+04 -6.663e+04  5.758e+04       7277 -8.409e+04      -1653       1596  4.978e+04 -3.623e+04  2.385e+04     -42.28  3.362e+04  3.438e+04  5.985e+04 -2.291e+04 -1.907e+04 -2.023e+04  4.598e+04  5.024e+04  4.638e+04  5.501e+04       6125       8965 -9.384e+04 -1.461e+04 -3.532e+04 -5.694e+04 -1.305e+05 -8.123e+04 -1.238e+05 -1.378e+05 -6.727e+04 -3.763e+04 -1.293e+05 -1.223e+05 -4.835e+05 -1.332e+07 -6.205e+05  1.451e+04  2.351e+04      -9089 -2.152e+04
  4.666e+04   3.36e+04       7172    3.3e+04  5.098e+04  1.258e+05  9.726e+04 -2.712e+04  4.029e+04       3073  2.228e+04  7.924e+04   4.81e+04  1.589e+04  5.939e+04  1.571e+04  9.479e+04 -3.308e+04       50.3 -8.261e+04 -1.656e+05  1.068e+05  3.255e+04  5.196e+04  3.531e+04  4.201e+04  1.976e+04  3.796e+04   6.18e+04  2.959e+04  6.206e+04  6.461e+04  7.412e+04  3.312e+04   2.85e+04      -7565 -2.928e+04  3.153e+04  8.741e+04  5.728e+04 -4.308e+04   1.36e+05  4.209e+04   -3.2e+04  6.888e+04  6.172e+04  1.112e+04   4.12e+04      -4967 -2.606e+04 -2.609e+05   6.55e+04       2823 -5.553e+04  1.932e+04  2.888e+04  4.356e+04  3.084e+04 -2.338e+04  2.453e+04      -2643 -7.291e+05  2.603e+04   1.29e+04   5.98e+04   4.72e+04  1.375e+04  1.267e+04 -7.415e+04 -1.039e+05      -2626 -5.545e+04 -1.385e+06 -1.344e+05 -7.431e+04  -1.51e+05 -7.202e+04 -5.892e+04 -1.383e+05 -1.031e+05 -1.487e+05 -6.205e+05 -1.231e+07    4.2e+04  2.113e+04       9859       8308
 -4.451e+05 -4.213e+04      -4032       7263  1.245e+04  1.083e+04  3.336e+04 -2.837e+04  2.977e+04     -50.82  1.205e+04  1.047e+04     -218.3  2.538e+04       9560  1.782e+04  1.662e+04       9656  1.769e+04  1.736e+04  2.463e+04      -7778       3298       3925  1.311e+04  1.527e+04      -5137  1.028e+04       9753       2674      -2469       3228       6491  3.011e+04  1.399e+04      -8575 -2.215e+04       7692  1.661e+04      -3052  2.027e+04  2.782e+04  2.585e+04  1.821e+04  1.922e+04  2.232e+04       8551  1.349e+04  1.494e+04  2.504e+04       3031       5069 -7.194e+04      -4021       6595   1.25e+04  1.231e+04       7694  1.535e+04  1.609e+04  1.949e+04  2.527e+04  3.528e+04       1427   2.37e+04       5067       5009  1.502e+04       2373  1.629e+04  1.005e+04  2.938e+04   2.24e+04   1.23e+04  1.336e+04  2.555e+04  1.003e+04  1.845e+04       9432  1.422e+04  1.238e+04  1.451e+04    4.2e+04 -7.624e+05  2.173e+04  1.354e+04       9042
 -2.648e+05      -5909  1.022e+04  1.344e+04   2.39e+04  2.714e+04  2.392e+04      -3284  -2.52e+04      -8311       9075  1.744e+04  1.797e+04  1.891e+04  1.393e+04  3.244e+04  3.857e+04  2.477e+04  3.289e+04  1.837e+04  3.735e+04 -3.604e+04      -3264       7385  1.331e+04   1.39e+04  1.235e+04  1.135e+04  1.383e+04       9071  2.149e+04       7043  2.353e+04  1.095e+04  1.756e+04       2837  1.763e+04       6045  1.202e+04  1.399e+04  2.555e+04       7966  1.388e+04  1.589e+04  2.176e+04  2.446e+04  2.327e+04  1.168e+04  1.556e+04     -192.5       2775  1.115e+04 -1.757e+04 -3.089e+04       7583       1100  1.121e+04       7192  2.019e+04  1.282e+04  1.514e+04  2.842e+04   1.48e+04  2.081e+04 -2.074e+04  1.731e+04       3670  1.528e+04   1.74e+04   2.38e+04  1.434e+04  1.276e+04  2.429e+04   1.67e+04  2.578e+04       8065      -3286      -2334  2.574e+04  1.685e+04       6198  2.351e+04  2.113e+04  2.173e+04 -5.323e+05 -1.113e+04 -4.438e+04
       8028       9436  1.031e+04  2.147e+04      -7020  4.001e+04  3.786e+04  3.117e+04  2.305e+04  3.948e+04  2.251e+04   2.37e+04  1.662e+04  2.674e+04  2.856e+04  2.085e+04  1.825e+04 -1.651e+04  2.872e+04   1.05e+04  4.949e+04      -3384  1.494e+04       7632  1.592e+04  1.558e+04  3.088e+04  2.024e+04   1.44e+04       4877  1.782e+04  2.584e+04  2.173e+04  1.759e+04  1.942e+04  2.256e+04  1.926e+04  2.209e+04  2.353e+04  2.478e+04  1.422e+04  3.788e+04      3e+04  2.471e+04  2.681e+04  2.284e+04 -2.559e+04  3.053e+04       3150  2.523e+04       5681  1.863e+04 -1.103e+04  2.753e+04  2.168e+04       8883  1.325e+04  1.081e+04  1.482e+04       8147       9012       6798  3.821e+04       2845   5.88e+04  1.269e+04  1.809e+04  1.508e+04  2.263e+04 -1.755e+04  1.725e+04   2.24e+04  1.733e+04  2.348e+04  1.841e+04  5.454e+04   1.66e+04  2.115e+04  3.325e+04       5653 -3.643e+04      -9089       9859  1.354e+04 -1.113e+04 -1.102e+06  -1.47e+05
 -2.421e+04  1.862e+04  2.736e+04  1.256e+04  2.314e+04  2.066e+04  1.507e+04  3.437e+04       1512  1.004e+04    1.9e+04  1.334e+04  2.519e+04  3.475e+04  3.763e+04  2.358e+04      -1399  2.615e+04  1.743e+04    4.3e+04  1.392e+04      -5524  1.586e+04       8157       3917  1.599e+04  2.311e+04  1.788e+04  3.067e+04  1.181e+04  2.644e+04   2.79e+04  2.682e+04  3.425e+04   4.28e+04  2.946e+04  2.504e+04  2.167e+04       9195    1.2e+04    2.8e+04  2.505e+04  1.445e+04  3.228e+04  2.541e+04  2.213e+04  3.299e+04  4.522e+04  1.377e+04  1.624e+04       3954  2.632e+04       1755   2.97e+04   1.77e+04  1.526e+04  2.389e+04  1.649e+04  2.248e+04  1.682e+04  2.954e+04  3.501e+04  3.422e+04  3.363e+04  3.463e+04   1.63e+04  1.097e+04  1.504e+04       7123       9506  1.186e+04       4703  1.173e+04  1.661e+04 -1.126e+04       9753       2891  1.395e+04  1.784e+04  2.469e+04      599.3 -2.152e+04       8308       9042 -4.438e+04  -1.47e+05 -1.223e+06
