
 45

((((t45: 0.042777, (t5: 0.008026, t17: 0.007319): 0.032841): 0.027741, (((t2: 0.050878, t39: 0.045498): 0.011117, (t9: 0.023692, (t10: 0.014408, (t15: 0.017160, (t40: 0.006966, t19: 0.007220): 0.008992): 0.002273): 0.014374): 0.036182): 0.004200, (((t20: 0.041918, t38: 0.044532): 0.027471, (t37: 0.106190, (t42: 0.033729, (t34: 0.037790, (t27: 0.028090, (t36: 0.006481, t12: 0.006465): 0.016150): 0.021238): 0.003845): 0.016829): 0.011452): 0.012555, (((t26: 0.014337, (t31: 0.016866, t35: 0.012973): 0.001713): 0.014592, ((t11: 0.017454, (t7: 0.007355, t6: 0.006964): 0.011619): 0.009984, t21: 0.030930): 0.007349): 0.021637, t32: 0.051028): 0.035413): 0.001532): 0.009318): 0.013054, ((t4: 0.108678, (t3: 0.047183, ((t41: 0.021513, t25: 0.020695): 0.003743, (t1: 0.011638, (t13: 0.002364, t44: 0.001998): 0.010244): 0.015319): 0.031200): 0.083285): 0.004221, (t14: 0.047895, ((t24: 0.026829, t18: 0.031702): 0.009145, ((t23: 0.010009, (t43: 0.008648, t8: 0.008786): 0.003788): 0.016708, (t30: 0.013734, (t22: 0.005884, t16: 0.006482): 0.009289): 0.011264): 0.010222): 0.022240): 0.078337): 0.001219): 0.005691, t33: 0.090950, (t28: 0.056340, t29: 0.048087): 0.111577);

  0.005691  0.013054  0.027741  0.042777  0.032841  0.008026  0.007319  0.009318  0.004200  0.011117  0.050878  0.045498  0.036182  0.023692  0.014374  0.014408  0.002273  0.017160  0.008992  0.006966  0.007220  0.001532  0.012555  0.027471  0.041918  0.044532  0.011452  0.106190  0.016829  0.033729  0.003845  0.037790  0.021238  0.028090  0.016150  0.006481  0.006465  0.035413  0.021637  0.014592  0.014337  0.001713  0.016866  0.012973  0.007349  0.009984  0.017454  0.011619  0.007355  0.006964  0.030930  0.051028  0.001219  0.004221  0.108678  0.083285  0.047183  0.031200  0.003743  0.021513  0.020695  0.015319  0.011638  0.010244  0.002364  0.001998  0.078337  0.047895  0.022240  0.009145  0.026829  0.031702  0.010222  0.016708  0.010009  0.003788  0.008648  0.008786  0.011264  0.013734  0.009289  0.005884  0.006482  0.090950  0.111577  0.056340  0.048087

 -0.215307 -0.098827 -0.084955  0.070333  0.055230 -0.528937 -0.679549 -0.131488 -1.080453 -0.169249 -0.233744 -0.208223  0.160661  0.128505 -0.113618 -0.247886 -3.763303 -0.119029 -0.353056 -0.823143 -0.631071 -5.007499 -0.043689  0.203945 -0.087151 -0.074673 -0.046039  0.064196  0.066403  0.134014 -0.382699  0.131246  0.072956 -0.232131 -0.101963 -0.459193 -0.907990 -0.007870  0.018232 -0.243251 -0.307583 -6.697540 -0.096167 -0.429817 -0.048538  0.050716  0.151032 -0.151903 -0.662189 -0.513309 -0.066624 -0.148423 -3.485882 -0.386033 -0.165906 -0.176243  0.000000  0.009031 -1.053109  0.028491 -0.038779 -0.018345  0.119679 -0.012676 -5.282082 -8.147925  0.168415 -0.083321  0.061497 -0.545654 -0.223346  0.006770 -0.160180  0.044656 -0.142924 -2.687165 -0.326631 -0.401597 -0.246354 -0.241160 -0.228381 -0.120364 -0.887155 -0.138723 -0.055507  0.108002 -0.047762


Hessian

 -1.251e+07 -5.813e+05 -6.377e+04 -1.204e+04  1.357e+04  4.929e+04  5.154e+04 -2.328e+05 -1.865e+05 -1.707e+05  5.526e+04       9455 -1.318e+04  6.868e+04      -2350  7.171e+04  4.297e+04  5.055e+04       6480  1.249e+05  9.208e+04 -3.549e+05 -1.116e+05  2.576e+04  2.865e+04  6.371e+04 -3.193e+04       1958 -5.437e+04  1.714e+04 -6.413e+04   6.16e+04  3.347e+04  5.945e+04  7.791e+04  2.217e+04  9.115e+04  -3.35e+04  5.853e+04  8.658e+04    6.4e+04  1.196e+05   1.13e+05  5.996e+04  8.685e+04  8.559e+04  1.042e+05  8.674e+04  8.754e+04  6.029e+04  3.638e+04  8.419e+04 -7.702e+05 -1.561e+05       6508 -1.645e+04  5.687e+04  1.761e+04  1.617e+04  1.286e+04  6.855e+04  1.505e+04  8.271e+04  6.873e+04 -5.766e+04  1.657e+04 -7.437e+04  2.545e+04      -6324 -7.666e+04  5.015e+04  4.943e+04 -3.675e+04  5.916e+04  7.205e+04 -3.475e+04  1.269e+05        150  3.663e+04  4.313e+04  7.519e+04 -5.569e+04  4.879e+04 -1.173e+06 -6.681e+05       8856 -7.637e+04
 -5.813e+05 -1.333e+07 -1.382e+05 -6.312e+04 -3.194e+04 -3.968e+04 -6.907e+04 -1.361e+06  -4.49e+05  -2.93e+05 -6.671e+04 -6.873e+04 -1.029e+05 -5.134e+04 -1.852e+04 -4.257e+04 -2.062e+05 -4.143e+04  3.956e+04 -2.512e+04 -2.635e+04 -5.007e+05 -3.792e+05  -1.04e+05 -6.567e+04 -1.939e+04 -1.927e+05      -9083 -1.629e+05 -5.147e+04 -1.816e+05     -610.4 -2.764e+04 -1.737e+04 -6.726e+04  3.546e+04       5743 -1.732e+05 -6.263e+04  -2.11e+04 -2.233e+04 -7.661e+04 -3.207e+04       2410 -6.164e+04 -1.726e+04 -1.566e+04 -2.556e+04 -5.727e+04  4.465e+04  2.858e+04 -3.977e+04 -3.074e+06 -6.022e+05 -1.009e+05 -1.179e+05  6.427e+04       7697  8.311e+04  7.734e+04  6.776e+04  6.562e+04  1.155e+05  2.623e+04    1.1e+05  1.572e+05 -1.772e+05  1.934e+04 -3.879e+04      -9311        480  5.092e+04  2.058e+04  3.359e+04  1.087e+05  5.325e+04  1.479e+04  2.688e+04  3.728e+04  2.985e+04  9.035e+04 -3.472e+04  8.703e+04  -1.46e+05 -5.219e+04  3.564e+04  4.857e+04
 -6.377e+04 -1.382e+05 -7.031e+06 -2.137e+05 -3.364e+05 -1.211e+05  -1.52e+05 -6.797e+05 -2.814e+05 -1.652e+05 -1.186e+04 -5.902e+04 -1.044e+05      -9730  -2.27e+04      -1150 -4.511e+04       9453  2.463e+04  6.711e+04  1.345e+04 -3.465e+05 -1.541e+05 -5.868e+04      -7305  2.378e+04 -8.488e+04   1.59e+04 -5.751e+04 -1.565e+04 -4.248e+04  1.182e+04 -1.168e+04  2.094e+04  1.926e+04  1.086e+05  9.244e+04 -5.635e+04      -9333      -7227  7.254e+04  -1.99e+04  5.652e+04  2.267e+04       8977  6.898e+04  1.453e+04 -1.009e+04  3.243e+04  5.133e+04  2.299e+04       6602 -9.369e+04 -4.759e+04  1.182e+04      677.7  2.178e+04  3.762e+04 -2.925e+04  3.473e+04  4.957e+04  1.402e+04  5.779e+04  6.354e+04  9.404e+04  2.372e+05 -3.005e+04  4.698e+04    1.1e+04  9.876e+04  4.164e+04  6.884e+04  6.085e+04  7.283e+04  6.326e+04      -4861  2.629e+04  1.752e+04  7.004e+04  7.796e+04  6.901e+04      -1441  8.411e+04 -2.181e+04  1.371e+04  5.191e+04  5.579e+04
 -1.204e+04 -6.312e+04 -2.137e+05  -4.91e+06 -2.095e+05 -9.632e+04 -1.202e+05 -5.369e+04 -1.392e+05 -3.143e+04  1.565e+04      -1910 -2.523e+04  1.268e+04      -1126   6.23e+04  1.142e+04  4.409e+04      -1741  5.241e+04       8663 -1.174e+05 -3.346e+04  -2.48e+04  3.819e+04   5.12e+04  2.996e+04  3.575e+04  1.688e+04       5736  2.608e+04  4.528e+04  3.827e+04  4.198e+04       9977  1.122e+05  3.633e+04       1211      -6216  3.382e+04  5.219e+04  -3.59e+04       2700  1.837e+04  2.679e+04   1.86e+04       6344  2.506e+04  6.135e+04  4.072e+04   1.35e+04  2.633e+04  2.992e+04  2.297e+04  4.218e+04  3.031e+04  5.703e+04  4.264e+04  6.363e+04  3.403e+04   6.43e+04  7.602e+04   6.77e+04   5.56e+04  1.852e+04 -1.244e+05  2.016e+04  6.073e+04   3.62e+04  9.293e+04  4.599e+04  9.152e+04  4.709e+04  8.473e+04  4.817e+04    2.6e+04   3.54e+04  6.518e+04  3.882e+04  7.862e+04       7808  1.031e+05  3.481e+04  2.216e+04  3.722e+04  4.583e+04  4.381e+04
  1.357e+04 -3.194e+04 -3.364e+05 -2.095e+05 -6.293e+06 -5.691e+04 -1.189e+05 -9.913e+04 -5.904e+04 -1.218e+05       5901 -3.301e+04 -1.196e+04  2.515e+04      -8760       2903  1.512e+04 -5.657e+04  1.331e+04  8.128e+04   7.96e+04 -6.253e+04 -4.406e+04 -1.181e+04  2.033e+04  4.155e+04  -4.06e+04  3.665e+04      -6657  2.404e+04 -4.016e+04  1.895e+04  1.951e+04  6.123e+04  4.539e+04  7.994e+04  2.213e+04 -2.204e+04  6.918e+04  1.732e+04  1.271e+04 -4.835e+04  7.515e+04  7.461e+04  1.147e+04  1.331e+04      -5163   5.99e+04  4.382e+04  9.471e+04  5.251e+04  4.034e+04  2.242e+04       6283  4.645e+04  2.194e+04  5.098e+04  4.294e+04  5.334e+04  4.805e+04  6.832e+04  4.535e+04  6.326e+04  5.642e+04  2.473e+04  4.846e+04  3.264e+04  6.077e+04  5.882e+04  8.145e+04  6.348e+04  8.531e+04  8.473e+04  4.815e+04  7.141e+04   4.86e+04  7.707e+04      -1146       8553  1.041e+04       2525  6.631e+04  1.066e+05  2.156e+04  3.584e+04  3.303e+04  6.407e+04
  4.929e+04 -3.968e+04 -1.211e+05 -9.632e+04 -5.691e+04  -2.79e+07 -3.868e+06  -1.67e+05 -1.639e+05 -3.181e+04   1.46e+04 -1.221e+04 -2.876e+04  1.249e+04   3.68e+04 -7.954e+04 -1.554e+05 -1.222e+05 -7.271e+04 -1.015e+05  5.594e+04 -8.323e+04  -2.28e+05 -1.277e+04  3.844e+04  1.929e+04 -1.017e+05  5.739e+04      -8117 -2.505e+04 -8.966e+04       5929 -2.563e+04       7466  8.849e+04   4.43e+04 -7.283e+04  4.826e+04 -1.014e+04 -2.379e+04       1371 -6.155e+04 -8.986e+04 -5.964e+04 -4.292e+04  7.456e+04 -7.018e+04 -9.078e+04  9.972e+04  1.516e+04 -2.767e+04  4.586e+04  5.014e+04       7059  3.429e+04  5.657e+04  6.091e+04  3.922e+04 -4.979e+04  4.758e+04 -5.911e+04  3.396e+04  4.035e+04 -3.695e+04 -4.683e+04  2.443e+04  3.941e+04  9.017e+04  1.039e+05  7.564e+04  8.337e+04  4.591e+04  1.071e+05       7074  9.072e+04 -2.014e+04 -2.449e+04 -6.842e+04  5.963e+04 -1.287e+04  1.072e+05 -2.376e+04  2.189e+05   4.23e+04  3.286e+04  6.622e+04  4.525e+04
  5.154e+04 -6.907e+04  -1.52e+05 -1.202e+05 -1.189e+05 -3.868e+06 -3.013e+07 -3.698e+04 -1.852e+05 -1.054e+05  3.062e+04 -6.151e+04       5031  5.343e+04  -1.57e+04 -5.432e+04 -1.343e+05 -1.382e+05 -8.313e+04 -3.073e+05 -3.691e+04 -9.374e+04 -9.707e+04 -3.793e+04 -1.555e+04       4074 -9.813e+04  5.848e+04       8347 -5.546e+04  4.762e+04 -1.418e+04  3.837e+04  -3.35e+04      -8710  9.987e+04 -2.645e+05  -1.55e+04       3409 -5.669e+04 -2.593e+04 -1.449e+04 -1.112e+05  1.164e+04  5.984e+04 -2.314e+04       9657      -4096  1.855e+04 -4.251e+04       9395  2.591e+04  1.545e+05  8.324e+04  3.646e+04  7.094e+04  6.417e+04  6.488e+04 -4.844e+04      506.2       9158  6.075e+04 -2.119e+04  6.367e+04  -2.69e+05   2.49e+05  3.381e+04  1.024e+05  9.431e+04  8.159e+04 -1.875e+04  3.029e+04  1.486e+05 -1.087e+05 -4.297e+04  3.846e+04  1.324e+04 -8.093e+04   1.22e+05  1.172e+04  1.666e+05 -1.017e+05  1.349e+05  5.822e+04  2.709e+04  5.975e+04  4.373e+04
 -2.328e+05 -1.361e+06 -6.797e+05 -5.369e+04 -9.913e+04  -1.67e+05 -3.698e+04 -1.935e+07   -1.5e+06 -3.458e+05 -8.426e+04 -1.081e+05  -2.12e+05 -1.721e+04 -3.112e+04       2235 -1.231e+05 -7.921e+04 -3.139e+04  4.983e+04 -2.573e+04 -1.797e+06  -4.46e+05 -1.369e+05 -3.166e+04 -3.499e+04 -2.504e+05  -2.12e+04 -2.311e+05 -8.829e+04 -2.453e+05 -3.426e+04 -8.247e+04 -2.821e+04 -6.039e+04  1.191e+04  9.018e+04 -3.293e+05 -1.371e+05      -4107  3.749e+04 -3.095e+05 -1.077e+05 -1.414e+05 -6.349e+04 -4.678e+04 -7.912e+04 -4.773e+04 -4.343e+04   8.12e+04 -4.049e+04 -8.637e+04 -6.163e+05  -3.11e+05 -5.771e+04 -4.582e+04       7490      -5856 -6.057e+04       8413  1.317e+04  4.516e+04  1.338e+04  1.107e+04  -2.03e+05  1.502e+05 -7.662e+04  4.546e+04       5277  6.405e+04  1.156e+05  7.895e+04  4.771e+04  9.193e+04  7.587e+04  -8.84e+04 -2.179e+04 -7.825e+04  2.493e+04  7.021e+04  9.254e+04 -6.842e+04 -6.931e+04  -5.88e+04 -1.198e+04  4.317e+04  5.229e+04
 -1.865e+05  -4.49e+05 -2.814e+05 -1.392e+05 -5.904e+04 -1.639e+05 -1.852e+05   -1.5e+06 -3.528e+07  -2.16e+06 -1.864e+05  -2.89e+05 -1.026e+06 -8.957e+04 -1.356e+05 -1.685e+05 -3.548e+05 -1.791e+05 -2.793e+05 -1.537e+05 -1.789e+05 -3.562e+06  -8.22e+05 -2.289e+05 -9.238e+04 -4.678e+04 -3.957e+05 -2.792e+04 -2.778e+05  -9.12e+04 -3.036e+05 -1.399e+05 -1.754e+05 -4.675e+04 -9.096e+04  1.041e+04  1.652e+05 -3.737e+05 -1.933e+05 -1.131e+05  7.059e+04  -1.35e+05 -1.462e+04 -1.321e+05 -8.231e+04       3730  4.139e+04 -1.419e+05   1.04e+05 -1.405e+05 -9.931e+04 -8.298e+04 -2.802e+05 -6.034e+04 -1.109e+04       1576  4.434e+04      -6834  1.015e+05  2.621e+04  7.039e+04  6.533e+04  8.877e+04  3.235e+04  7.146e+04  7.622e+04 -6.137e+04  5.595e+04  -2.03e+04 -4.238e+04  6.285e+04  3.749e+04 -1.051e+05 -7.824e+04   5.87e+04  1.457e+05 -2.062e+04 -4.324e+04  2.217e+04  7.244e+04   1.39e+05 -4.059e+04  1.065e+05 -5.507e+04 -1.387e+04  1.706e+04  3.498e+04
 -1.707e+05  -2.93e+05 -1.652e+05 -3.143e+04 -1.218e+05 -3.181e+04 -1.054e+05 -3.458e+05  -2.16e+06 -1.464e+07 -6.546e+05 -8.259e+05  -1.14e+05  -6.12e+04  -2.75e+04 -1.727e+04 -1.411e+05 -4.833e+04 -1.132e+05 -1.801e+05 -5.015e+04 -7.614e+05 -3.637e+05 -1.067e+05 -1.776e+04 -4.733e+04  -2.25e+05 -1.652e+04 -1.422e+05 -2.494e+04 -2.057e+05 -4.767e+04  -6.77e+04       2761 -9.771e+04       5537  1.134e+05 -1.535e+05 -8.224e+04   2.25e+04 -1.382e+04 -5.359e+04 -6.021e+04 -2.346e+04  1.659e+04 -2.791e+04  1.314e+04   -1.5e+04  1.814e+04  1.396e+04 -1.512e+04 -4.168e+04 -1.984e+05 -8.726e+04      -3380 -2.383e+04      -4169     -420.1  4.051e+04   2.82e+04  1.371e+04  2.738e+04  4.688e+04  5.133e+04  -6.17e+04  3.173e+04      -7061  6.288e+04  1.486e+04  2.861e+04  3.432e+04  6.344e+04  8.069e+04      -1628  1.951e+04   3.75e+04  2.627e+04      -3106 -1.099e+04 -5.351e+04 -9.992e+04 -6.093e+04  2.995e+04 -2.912e+04      -7204  3.819e+04  1.665e+04
  5.526e+04 -6.671e+04 -1.186e+04  1.565e+04       5901   1.46e+04  3.062e+04 -8.426e+04 -1.864e+05 -6.546e+05 -4.048e+06  1.133e+04 -3.023e+04 -4.335e+04      -7837       4986  5.513e+04 -1.847e+04 -4.077e+04 -4.446e+04  -3.26e+04 -2.722e+05 -7.227e+04 -6.206e+04      -3987 -3.225e+04 -4.873e+04  1.933e+04 -2.523e+04      -4970 -5.791e+04      -3714 -1.206e+04  1.751e+04  1.662e+04 -8.029e+04      -9604 -3.689e+04 -3.585e+04 -3.013e+04  2.982e+04 -6.945e+04      38.92  1.537e+04 -1.347e+04  1.218e+04      542.8 -3.347e+04  5.836e+04       6473  1.005e+04       9132 -3.415e+04 -9.815e+04  1.098e+04  1.757e+04  2.668e+04  3.481e+04  2.278e+04  3.423e+04  1.249e+04  2.248e+04  2.206e+04  3.915e+04 -1.945e+05  3.862e+04  3.916e+04  4.941e+04  7.322e+04  5.184e+04  5.906e+04  6.838e+04   8.83e+04  6.612e+04  6.473e+04  8.556e+04  1.054e+05    2.7e+04  5.216e+04  6.216e+04  7.581e+04   6.58e+04  5.333e+04  2.789e+04  3.632e+04  3.594e+04  5.385e+04
       9455 -6.873e+04 -5.902e+04      -1910 -3.301e+04 -1.221e+04 -6.151e+04 -1.081e+05  -2.89e+05 -8.259e+05  1.133e+04 -4.579e+06 -5.912e+04       9404  -4.76e+04 -4.683e+04 -7.624e+04 -2.519e+04 -5.174e+04 -5.444e+04  3.436e+04 -2.006e+05 -1.009e+05 -1.048e+04 -1.793e+04   1.82e+04   -8.3e+04  1.285e+04 -5.677e+04   -1.6e+04 -7.631e+04 -1.398e+04 -2.319e+04  2.126e+04      -2329  6.334e+04  3.272e+04 -3.208e+04       2711  3.171e+04   4.78e+04 -6.134e+04     -161.2 -1.124e+04       5078  2.888e+04 -1.617e+04  3.964e+04  4.622e+04  2.251e+04  3.582e+04       4566  3.669e+04      -8417  3.058e+04  2.209e+04   5.47e+04  2.965e+04  4.526e+04  6.068e+04  7.786e+04  5.942e+04  9.444e+04  1.111e+05  9.977e+04  1.347e+05  2.378e+04  7.775e+04  3.227e+04  8.698e+04  5.627e+04  4.937e+04  2.102e+04  9.055e+04  2.393e+04  2.574e+04  4.292e+04   2.61e+04  6.355e+04  4.102e+04  6.314e+04  8.861e+04  1.379e+05  2.222e+04  3.237e+04  5.641e+04  5.025e+04
 -1.318e+04 -1.029e+05 -1.044e+05 -2.523e+04 -1.196e+04 -2.876e+04       5031  -2.12e+05 -1.026e+06  -1.14e+05 -3.023e+04 -5.912e+04 -5.817e+06  -5.49e+04 -3.079e+05 -2.048e+05 -2.227e+05 -2.328e+05 -2.375e+05 -3.101e+05 -2.082e+05 -3.352e+05 -1.766e+05 -7.304e+04 -1.409e+04       2199 -1.185e+05       9669 -1.008e+05 -2.235e+04 -9.804e+04       5399 -3.101e+04  1.427e+04      -6377       8559  1.376e+04 -8.488e+04 -3.517e+04  -4.94e+04  5.305e+04 -4.212e+04 -1.108e+04       6654 -5.897e+04  2.106e+04  1.412e+04  1.239e+04       8881  8.259e+04  1.417e+04       3588 -6.744e+04      -2292  2.191e+04  2.534e+04  5.922e+04  4.557e+04  1.225e+04  2.146e+04   5.68e+04  2.354e+04  7.158e+04  5.101e+04  9.909e+04   1.65e+05  3.224e+04  6.314e+04  3.474e+04  4.675e+04   2.71e+04  5.764e+04  6.989e+04  1.366e+04  2.096e+04  1.561e+04  1.561e+04  3.236e+04 -1.162e+04  3.353e+04  1.749e+04  9.183e+04  7.598e+04       2662  2.394e+04    4.2e+04  4.984e+04
  6.868e+04 -5.134e+04      -9730  1.268e+04  2.515e+04  1.249e+04  5.343e+04 -1.721e+04 -8.957e+04  -6.12e+04 -4.335e+04       9404  -5.49e+04 -9.255e+06 -9.096e+05 -1.601e+05 -4.796e+05 -1.282e+05 -2.007e+05 -1.782e+05 -1.937e+05 -1.847e+05 -7.609e+04  1.819e+04      -7367      -6688  -3.62e+04   1.52e+04 -2.217e+04      -9522 -1.152e+04  2.912e+04  3.185e+04      -1382      -3512 -1.376e+05 -7.855e+04 -2.463e+04      -9830  1.752e+04  1.866e+04       2884 -3.997e+04  2.995e+04 -3.866e+04 -7.356e+04  -9.37e+04       8050  -7.07e+04  2.104e+04      -2154       7479  3.337e+04 -8.775e+04  4.487e+04  4.628e+04  4.383e+04  6.589e+04  7.495e+04  5.789e+04    5.8e+04       6109  6.326e+04  1.255e+04  8.532e+04      -7014  6.579e+04  7.095e+04  8.889e+04  6.476e+04  6.949e+04  1.151e+05  5.994e+04  2.394e+04  6.588e+04   2.99e+04  4.721e+04  6.052e+04  3.419e+04  9.377e+04  9.903e+04  3.955e+04  9.667e+04   5.57e+04  3.982e+04  6.598e+04  8.723e+04
      -2350 -1.852e+04  -2.27e+04      -1126      -8760   3.68e+04  -1.57e+04 -3.112e+04 -1.356e+05  -2.75e+04      -7837  -4.76e+04 -3.079e+05 -9.096e+05 -1.403e+07 -4.152e+05 -1.345e+06 -5.428e+05 -5.335e+05 -4.895e+05 -4.516e+05 -1.778e+05 -5.525e+04      295.8  2.495e+04      -7616 -5.176e+04   1.34e+04 -2.252e+04 -4.575e+04 -1.087e+05  2.556e+04 -2.861e+04  2.504e+04       1983 -2.256e+05      -6941      -5513  1.352e+04 -1.009e+04  5.438e+04  -5.81e+04       -760  3.983e+04       2743 -2.252e+04       4292  1.952e+04       6504  -3.81e+04 -2.719e+04  3.136e+04       3877       2513  3.814e+04  3.394e+04  1.447e+04   4.09e+04  8.165e+04  2.163e+04  1.565e+05   1.51e+04  4.002e+04   7.36e+04  7.996e+04 -7.179e+04  3.348e+04  5.382e+04  7.989e+04  5.322e+04  8.358e+04  5.257e+04  5.052e+04  1.522e+04  7.415e+04      -2003  9.916e+04   6.33e+04  3.817e+04  1.697e+05  1.584e+05  1.997e+05  1.125e+05   2.89e+04  2.755e+04  6.138e+04  7.133e+04
  7.171e+04 -4.257e+04      -1150   6.23e+04       2903 -7.954e+04 -5.432e+04       2235 -1.685e+05 -1.727e+04       4986 -4.683e+04 -2.048e+05 -1.601e+05 -4.152e+05 -1.586e+07  -2.84e+06 -4.843e+05 -6.286e+05 -4.401e+05 -6.146e+05 -2.294e+05 -4.876e+04 -3.331e+04  3.044e+04      -4309  4.662e+04  4.682e+04      -1259 -1.866e+04 -1.026e+04 -1.087e+04       9649  2.785e+04 -4.933e+04 -5.556e+04      -7867      -4141  2.207e+04  8.584e+04  7.138e+04  2.047e+04  2.778e+04 -1.561e+04       7782  7.919e+04 -2.877e+04  2.675e+04  6.134e+04  1.245e+04       6888  4.713e+04   2.81e+04  1.268e+05  6.581e+04  9.857e+04  4.708e+04  4.185e+04  2.719e+04  7.465e+04  4.462e+04  5.734e+04  9.934e+04  9.908e+04 -5.688e+04  6.472e+04  7.335e+04  8.703e+04  7.332e+04  6.147e+04  7.934e+04  8.713e+04  1.142e+05  1.232e+05  7.448e+04  1.332e+05  -7.22e+04  7.239e+04  1.356e+05  2.342e+04   1.16e+05  8.829e+04  1.859e+05  7.196e+04  4.913e+04  3.679e+04  3.247e+04
  4.297e+04 -2.062e+05 -4.511e+04  1.142e+04  1.512e+04 -1.554e+05 -1.343e+05 -1.231e+05 -3.548e+05 -1.411e+05  5.513e+04 -7.624e+04 -2.227e+05 -4.796e+05 -1.345e+06  -2.84e+06 -7.307e+07 -9.804e+05 -2.845e+06 -4.885e+05 -3.668e+05 -2.934e+05 -1.774e+05  4.894e+04 -4.591e+04      3.556 -9.107e+04       4727 -1.331e+05  -3.61e+04 -1.649e+05 -3.925e+04  4.837e+04  3.718e+04  -4.02e+04  8.544e+04  1.561e+05 -1.987e+04  8.797e+04  5.414e+04 -8.411e+04 -1.143e+05  2.855e+04  1.481e+05 -1.571e+05 -2.259e+05      870.5  1.526e+05 -5.442e+04  2.017e+04 -1.355e+05  5.625e+04 -7.506e+04  4.657e+04  2.125e+04  7.302e+04  2.231e+04  1.133e+05 -3.973e+04  9.183e+04  3.593e+04  2.444e+04  1.033e+05  1.779e+05  7.256e+04  1.463e+05  6.184e+04  7.127e+04       1982  1.772e+05  9.727e+04  7.272e+04 -4.377e+04  6.612e+04  1.669e+05 -2.976e+04 -8.143e+04  3.342e+04  1.621e+05 -1.832e+04  1.566e+05   -2.9e+05  2.334e+05  5.011e+04  3.761e+04  6.294e+04  2.996e+04
  5.055e+04 -4.143e+04       9453  4.409e+04 -5.657e+04 -1.222e+05 -1.382e+05 -7.921e+04 -1.791e+05 -4.833e+04 -1.847e+04 -2.519e+04 -2.328e+05 -1.282e+05 -5.428e+05 -4.843e+05 -9.804e+05 -1.327e+07 -7.378e+05 -5.029e+05 -4.812e+05 -3.153e+04  -8.29e+04 -1.399e+04  2.094e+04  5.481e+04  5.135e+04  4.295e+04  5.298e+04 -1.794e+04 -1.968e+04 -4.406e+04  3.965e+04 -1.994e+04 -4.339e+04 -2.058e+05 -7.199e+04  -1.99e+04  6.296e+04  2.459e+04 -4.383e+04   -1.3e+05  -2.21e+04  4.308e+04      -6683 -2.355e+04 -1.802e+05   -6.2e+04  1.602e+04  2.058e+04 -1.071e+04  3.186e+04 -2.679e+04  4.292e+04  4.612e+04   7.89e+04  5.638e+04  5.364e+04  6.036e+04 -2.674e+04  1.829e+04      -3075  1.221e+04       1896 -1.174e+05  3.496e+04  7.368e+04  5.534e+04  3.596e+04  8.145e+04  7.355e+04  9.781e+04  9.095e+04  9.149e+04 -5.106e+04    1.9e+04  2.262e+04 -1.583e+04       6079  2.243e+04 -4.255e+04 -4.607e+04  -8.72e+04  4.117e+04  4.479e+04  2.262e+04  4.125e+04
       6480  3.956e+04  2.463e+04      -1741  1.331e+04 -7.271e+04 -8.313e+04 -3.139e+04 -2.793e+05 -1.132e+05 -4.077e+04 -5.174e+04 -2.375e+05 -2.007e+05 -5.335e+05 -6.286e+05 -2.845e+06 -7.378e+05 -2.467e+07 -5.555e+05 -3.849e+05 -1.534e+05  -1.08e+05 -1.031e+04  1.562e+04      -9819   4.21e+04   3.22e+04 -2.743e+04 -6.744e+04 -7.839e+04  -6.26e+04   -1.8e+04 -4.257e+04  3.855e+04 -1.758e+05 -5.674e+04       4132  1.047e+04  6.491e+04 -1.548e+04  5.734e+04  4.776e+04  1.179e+05  2.191e+04  4.933e+04 -1.335e+05  6.724e+04   9.96e+04 -2.983e+04       5093 -1.219e+04 -9.134e+04   6.02e+04  5.943e+04  7.599e+04  4.182e+04  5.193e+04  1.081e+05       7575  2.311e+04  9.603e+04  1.051e+05 -4.218e+04  -1.86e+05 -2.085e+05  7.423e+04  6.998e+04  5.801e+04  2.972e+04  9.963e+04  5.763e+04  1.515e+04 -4.002e+04       4053  1.865e+05 -1.089e+04 -1.543e+04  1.279e+05  5.166e+04 -1.805e+04  1.511e+04 -2.241e+04  1.974e+04  7.601e+04  3.873e+04   5.43e+04
  1.249e+05 -2.512e+04  6.711e+04  5.241e+04  8.128e+04 -1.015e+05 -3.073e+05  4.983e+04 -1.537e+05 -1.801e+05 -4.446e+04 -5.444e+04 -3.101e+05 -1.782e+05 -4.895e+05 -4.401e+05 -4.885e+05 -5.029e+05 -5.555e+05 -3.455e+07 -1.538e+06 -4.236e+05  8.537e+04 -3.521e+04  3.086e+04  5.086e+04  5.591e+04      5e+04  5.268e+04 -1.654e+04  4.094e+04   4.21e+04  1.066e+05     -227.4 -1.067e+04  -3.51e+04 -2.655e+05  1.397e+04  5.876e+04  1.025e+05  6.111e+04 -6.503e+04 -1.101e+05 -7.306e+04  1.812e+04  5.054e+04  2.173e+04  9.172e+04  9.606e+04  3.283e+04 -1.573e+04  3.209e+04 -1.641e+05  -1.08e+04      -2907  7.618e+04  1.568e+04  9.102e+04  2.359e+04 -2.372e+04      -3150  4.419e+04  4.753e+04 -8.042e+04  -1.86e+05  9.377e+04  9.439e+04  4.766e+04  1.073e+05  5.545e+04  6.609e+04  8.852e+04  1.595e+05  6.221e+04 -1.702e+05  1.492e+05 -3.345e+04   1.05e+05  8.025e+04  9.302e+04  9.809e+04  1.272e+05  3.336e+04  5.094e+04  5.753e+04  1.282e+04  5.789e+04
  9.208e+04 -2.635e+04  1.345e+04       8663   7.96e+04  5.594e+04 -3.691e+04 -2.573e+04 -1.789e+05 -5.015e+04  -3.26e+04  3.436e+04 -2.082e+05 -1.937e+05 -4.516e+05 -6.146e+05 -3.668e+05 -4.812e+05 -3.849e+05 -1.538e+06 -3.357e+07 -3.143e+05 -1.005e+05 -1.017e+05  2.608e+04  4.018e+04 -1.634e+04   3.86e+04       4474 -2.361e+04 -3.954e+04  7.121e+04  3.651e+04  1.228e+04 -4.665e+04 -9.051e+04 -4.921e+04 -3.768e+04  5.419e+04  4.322e+04       5432 -4.973e+04   1.54e+04 -8.951e+04  5.908e+04 -5.995e+04      -3333  4.008e+04 -4.604e+04       9646  3.332e+04 -3.527e+04 -7.154e+04   4.49e+04  4.326e+04  1.002e+05  4.198e+04   5.36e+04 -2.631e+04  3.363e+04   5.55e+04 -2.027e+04  9.312e+04  3.516e+04 -2.959e+04 -5.892e+04  6.964e+04  9.533e+04  1.053e+05  1.566e+05  1.132e+05  1.105e+05  7.084e+04   1.34e+05 -2.851e+04   8.04e+04  4.437e+04  1.336e+05  6.617e+04  1.127e+05  9.578e+04  1.903e+04 -1.251e+05   6.24e+04   6.68e+04  1.084e+05  6.029e+04
 -3.549e+05 -5.007e+05 -3.465e+05 -1.174e+05 -6.253e+04 -8.323e+04 -9.374e+04 -1.797e+06 -3.562e+06 -7.614e+05 -2.722e+05 -2.006e+05 -3.352e+05 -1.847e+05 -1.778e+05 -2.294e+05 -2.934e+05 -3.153e+04 -1.534e+05 -4.236e+05 -3.143e+05 -7.415e+07 -3.811e+06 -3.976e+05 -2.177e+05 -1.302e+05  -8.53e+05 -8.775e+04 -3.808e+05 -1.527e+05 -4.095e+05 -4.771e+04 -2.912e+05 -1.213e+04 -1.382e+05 -1.577e+05 -1.308e+04 -1.454e+06 -2.725e+05 -3.435e+05  5.458e+04 -6.509e+04 -7.434e+04 -4.506e+04 -2.472e+05 -2.052e+04 -3.307e+04 -6.858e+04 -7.624e+04 -2.221e+04 -2.367e+04 -9.149e+04 -6.299e+05 -4.245e+05 -8.844e+04 -1.104e+05 -5.401e+04 -8.723e+04  -9.71e+04  8.072e+04 -3.156e+04  8.635e+04   1.82e+05 -3.128e+04 -4.875e+04  2.563e+05 -2.221e+04       1427  2.116e+04  -1.15e+05  -7.05e+04  5.184e+04  4.823e+04  2.856e+04  1.798e+05 -2.246e+05 -8.554e+04 -3.329e+05  8.657e+04   2.37e+05  1.719e+05  7.332e+04  8.816e+04 -8.064e+04 -8.874e+04 -3.737e+04      -2709
 -1.116e+05 -3.792e+05 -1.541e+05 -3.346e+04 -4.406e+04  -2.28e+05 -9.707e+04  -4.46e+05  -8.22e+05 -3.637e+05 -7.227e+04 -1.009e+05 -1.766e+05 -7.609e+04 -5.525e+04 -4.876e+04 -1.774e+05  -8.29e+04  -1.08e+05  8.537e+04 -1.005e+05 -3.811e+06 -1.465e+07 -5.184e+05 -6.863e+04 -5.364e+04 -1.176e+06 -1.642e+04 -4.882e+05 -6.993e+04 -3.207e+05 -5.848e+04 -7.182e+04 -2.286e+04 -8.966e+04  6.424e+04 -1.228e+04 -9.438e+04 -1.158e+04 -4.421e+04 -3.839e+04  -1.94e+05      -8981  4.027e+04 -4.673e+04 -6.462e+04 -2.487e+04  1.129e+04 -4.668e+04 -2.833e+04 -2.039e+04      -1571 -2.636e+05 -5.926e+04       6463 -1.906e+04  4.022e+04      -1804       6233  4.444e+04  5.102e+04  9.402e+04  8.071e+04  8.813e+04  2.258e+05  4.677e+04      -5245  4.469e+04  1.896e+04 -1.298e+04   3.53e+04  9.291e+04  8.037e+04  1.197e+04  1.485e+05      -3939  1.104e+05  3.888e+04       8233  6.392e+04  1.531e+05  1.608e+04  1.738e+05 -3.211e+04      -7736  6.481e+04  6.009e+04
  2.576e+04  -1.04e+05 -5.868e+04  -2.48e+04 -1.181e+04 -1.277e+04 -3.793e+04 -1.369e+05 -2.289e+05 -1.067e+05 -6.206e+04 -1.048e+04 -7.304e+04  1.819e+04      295.8 -3.331e+04  4.894e+04 -1.399e+04 -1.031e+04 -3.521e+04 -1.017e+05 -3.976e+05 -5.184e+05 -6.717e+06 -3.413e+05 -3.595e+05 -1.496e+05 -1.287e+04 -5.792e+04 -1.534e+04 -6.237e+04 -1.978e+04 -6.167e+04       7575  -7.07e+04       1841 -7.534e+04 -4.389e+04 -2.897e+04 -1.995e+04  4.439e+04      -9249 -1.283e+04      -5733      -3929 -4.345e+04       4208  1.981e+04 -3.035e+04 -5.534e+04  1.319e+04      -7102  -1.05e+05 -8.102e+04  1.835e+04      -5270  2.024e+04  1.667e+04  1.964e+04  1.983e+04   1.96e+04  3.291e+04  9.077e+04   2.44e+04  -5.36e+04  3.615e+04  3.947e+04  5.591e+04   6.61e+04       5151  4.253e+04  3.055e+04  8.849e+04  5.505e+04       8633      -7709  5.936e+04 -4.629e+04  5.372e+04  6.553e+04  4.935e+04   6.41e+04  5.271e+04  1.919e+04  2.081e+04  4.586e+04  5.093e+04
  2.865e+04 -6.567e+04      -7305  3.819e+04  2.033e+04  3.844e+04 -1.555e+04 -3.166e+04 -9.238e+04 -1.776e+04      -3987 -1.793e+04 -1.409e+04      -7367  2.495e+04  3.044e+04 -4.591e+04  2.094e+04  1.562e+04  3.086e+04  2.608e+04 -2.177e+05 -6.863e+04 -3.413e+05 -4.783e+06 -1.749e+05 -2.368e+04  2.394e+04 -1.834e+04 -2.927e+04 -3.689e+04      -2175 -1.422e+04  1.769e+04 -4.108e+04   1.39e+04  1.036e+04       2644      -2783      -4328  1.275e+04       5201       4554  1.536e+04  1.879e+04      -6991 -1.694e+04       7153  3.008e+04  5.064e+04       3285  1.577e+04  -2.23e+04      -9934  4.021e+04  2.009e+04  3.069e+04  1.946e+04  6.432e+04 -3.219e+04  3.182e+04  3.509e+04  1.833e+04  1.015e+04 -4.485e+04 -2.053e+04   3.06e+04  5.092e+04  4.866e+04  2.617e+04  3.059e+04  5.516e+04  6.169e+04  5.801e+04  1.388e+04  2.369e+04 -1.576e+04 -1.248e+04  5.961e+04  4.252e+04   1.03e+05  6.101e+04  7.636e+04   3.56e+04  3.873e+04  4.304e+04  3.242e+04
  6.371e+04 -1.939e+04  2.378e+04   5.12e+04  4.155e+04  1.929e+04       4074 -3.499e+04 -4.678e+04 -4.733e+04 -3.225e+04   1.82e+04       2199      -6688      -7616      -4309      3.556  5.481e+04      -9819  5.086e+04  4.018e+04 -1.302e+05 -5.364e+04 -3.595e+05 -1.749e+05  -4.56e+06     -181.8   1.11e+04      -5214      317.8 -1.266e+04  -1.67e+04       2241  1.582e+04 -2.149e+04  1.727e+04 -2.302e+04 -1.241e+04      -7974 -1.588e+04  5.016e+04 -3.647e+04  2.884e+04 -5.243e+04       6037  3.641e+04  1.463e+04  4.731e+04  2.888e+04  1.092e+05       1494  2.542e+04 -3.608e+04  1.307e+04  3.702e+04  3.483e+04  2.232e+04  4.845e+04 -4.721e+04       1762  3.239e+04  1.462e+04  9.699e+04  2.905e+04  2.236e+04  5.624e+04  6.315e+04  7.434e+04  9.383e+04       3911  2.723e+04  4.932e+04  7.121e+04  7.038e+04  2.282e+04 -3.818e+04  3.323e+04  4.363e+04  7.005e+04  4.888e+04  5.479e+04  3.498e+04  4.581e+04  4.485e+04  4.322e+04  5.068e+04  5.833e+04
 -3.193e+04 -1.927e+05 -8.488e+04  2.996e+04  -4.06e+04 -1.017e+05 -9.813e+04 -2.504e+05 -3.957e+05  -2.25e+05 -4.873e+04   -8.3e+04 -1.185e+05  -3.62e+04 -5.176e+04  4.662e+04 -9.107e+04  5.135e+04   4.21e+04  5.591e+04 -1.634e+04  -8.53e+05 -1.176e+06 -1.496e+05 -2.368e+04     -181.8 -1.314e+07 -1.348e+05 -2.447e+06 -9.755e+04 -1.406e+06 -9.407e+04  -2.05e+05 -7.996e+04 -1.102e+05     -720.3 -9.573e+04 -4.601e+04      -7145  4.438e+04  4.452e+04       7573  2.011e+04  1.064e+04 -2.664e+04      -8870  4.896e+04  4.034e+04   1.39e+04 -2.772e+04  2.491e+04    1.4e+04 -5.343e+04 -5.268e+04  1.894e+04      -2041  5.665e+04  3.105e+04  -2.92e+04  6.701e+04  6.551e+04  5.798e+04  7.924e+04  4.744e+04  1.113e+05  1.063e+05 -1.027e+04  6.538e+04    5.1e+04  5.285e+04  2.625e+04  5.516e+04       1272  6.906e+04  6.865e+04  5.964e+04  6.022e+04  2.055e+04  4.184e+04  1.327e+04  5.995e+04  7.667e+04  6.945e+04       9314       3215   6.26e+04  6.371e+04
       1958      -9083   1.59e+04  3.575e+04  3.665e+04  5.739e+04  5.848e+04  -2.12e+04 -2.792e+04 -1.652e+04  1.933e+04  1.285e+04       9669   1.52e+04   1.34e+04  4.682e+04       4727  4.295e+04   3.22e+04      5e+04   3.86e+04 -8.775e+04 -1.642e+04 -1.287e+04  2.394e+04   1.11e+04 -1.348e+05 -1.705e+06 -2.781e+04  1.424e+04 -1.725e+04       9727      169.9  2.939e+04  3.013e+04  3.857e+04  5.894e+04  1.554e+04  2.305e+04       9321  5.752e+04   3.42e+04  7.011e+04  6.727e+04  3.181e+04  4.422e+04   4.38e+04  5.291e+04  5.858e+04  5.158e+04  3.125e+04  5.296e+04 -3.052e+04      -5126  4.237e+04  2.006e+04  3.647e+04   3.97e+04  5.702e+04  1.515e+04  3.726e+04  3.341e+04  3.221e+04   7.89e+04  1.182e+05  5.396e+04  2.671e+04  6.343e+04  4.858e+04  4.251e+04  3.601e+04  4.364e+04  7.614e+04  6.613e+04  4.835e+04    8.5e+04  4.349e+04   3.85e+04  7.129e+04  8.148e+04  8.493e+04  8.316e+04  9.795e+04  2.826e+04  2.384e+04  4.286e+04  4.282e+04
 -5.437e+04 -1.629e+05 -5.751e+04  1.688e+04      -6657      -8117       8347 -2.311e+05 -2.778e+05 -1.422e+05 -2.523e+04 -5.677e+04 -1.008e+05 -2.217e+04 -2.252e+04      -1259 -1.331e+05  5.298e+04 -2.743e+04  5.268e+04       4474 -3.808e+05 -4.882e+05 -5.792e+04 -1.834e+04      -5214 -2.447e+06 -2.781e+04 -9.481e+06 -1.705e+05 -3.704e+06 -1.684e+05 -3.482e+05 -1.141e+05 -1.364e+05 -1.277e+05  -1.35e+05 -6.278e+04 -1.213e+04 -2.479e+04  4.861e+04  9.822e+04  7.485e+04   1.29e+04 -1.116e+04  3.436e+04  3.673e+04 -2.351e+04 -7.864e+04    7.3e+04  2.247e+04  2.716e+04 -1.427e+05 -5.472e+04   1.83e+04  2.106e+04  5.594e+04  4.856e+04 -1.507e+04   5.06e+04  7.134e+04  8.302e+04  6.017e+04  7.601e+04  1.705e+05  8.482e+04  2.347e+04  7.676e+04   7.44e+04   5.41e+04  5.948e+04  6.403e+04  5.871e+04  1.038e+05  1.825e+04  5.706e+04  2.385e+04       3156  1.029e+05  5.366e+04  7.562e+04  3.366e+04   1.51e+05  1.522e+04  1.633e+04  4.631e+04  6.413e+04
  1.714e+04 -5.147e+04 -1.565e+04       5736  2.404e+04 -2.505e+04 -5.546e+04 -8.829e+04  -9.12e+04 -2.494e+04      -4970   -1.6e+04 -2.235e+04      -9522 -4.575e+04 -1.866e+04  -3.61e+04 -1.794e+04 -6.744e+04 -1.654e+04 -2.361e+04 -1.527e+05 -6.993e+04 -1.534e+04 -2.927e+04      317.8 -9.755e+04  1.424e+04 -1.705e+05 -4.259e+06 -8.469e+05 -1.143e+05 -1.288e+05  -9.29e+04 -6.723e+04 -6.697e+04 -1.428e+05 -2.029e+04      -9868 -3.028e+04 -4.377e+04 -9.196e+04 -4.589e+04      287.7  2.133e+04 -1.343e+04 -2.136e+04  1.232e+04  1.679e+04  4.369e+04 -4.324e+04       6106  4.402e+04  4.712e+04  2.092e+04  3.175e+04  2.536e+04  2.185e+04     -441.1  1.334e+04  2.254e+04   1.29e+04  5.298e+04  1.829e+04  1.079e+05      -3739  3.335e+04  3.346e+04  4.612e+04  1.059e+05  5.525e+04  3.171e+04  4.126e+04  5.942e+04  1.479e+04  5.253e+04  2.658e+04  1.626e+04  1.841e+04  2.189e+04  7.106e+04  6.438e+04  2.943e+04  1.489e+04  4.659e+04  4.926e+04  5.639e+04
 -6.413e+04 -1.816e+05 -4.248e+04  2.608e+04 -4.016e+04 -8.966e+04  4.762e+04 -2.453e+05 -3.036e+05 -2.057e+05 -5.791e+04 -7.631e+04 -9.804e+04 -1.152e+04 -1.087e+05 -1.026e+04 -1.649e+05 -1.968e+04 -7.839e+04  4.094e+04 -3.954e+04 -4.095e+05 -3.207e+05 -6.237e+04 -3.689e+04 -1.266e+04 -1.406e+06 -1.725e+04 -3.704e+06 -8.469e+05 -2.571e+07 -6.779e+05 -1.229e+06 -1.251e+05 -2.328e+05 -2.171e+05 -2.415e+05 -4.249e+04  1.468e+04 -7.192e+04      -2810  8.057e+04  2.757e+04 -1.724e+04 -2.991e+04 -5.162e+04 -3.925e+04      -1176 -3.556e+04      -7013      -4692  3.612e+04 -1.036e+05  9.802e+04  1.998e+04  7.187e+04  1.038e+05  4.147e+04 -1.123e+04       9445  9.127e+04  8.874e+04  3.182e+04  9.968e+04  2.196e+05 -3.745e+04  5.091e+04  8.114e+04  1.118e+05  2.206e+04   1.19e+05  8.986e+04  4.768e+04  6.361e+04  1.106e+05  3.418e+04  3.433e+04  6.094e+04 -2.463e+04   1.01e+05  9.429e+04  1.225e+05  1.426e+05 -1.022e+04  3.836e+04  5.158e+04  6.365e+04
   6.16e+04     -610.4  1.182e+04  4.528e+04  1.895e+04       5929 -1.418e+04 -3.426e+04 -1.399e+05 -4.767e+04      -3714 -1.398e+04       5399  2.912e+04  2.556e+04 -1.087e+04 -3.925e+04 -4.406e+04  -6.26e+04   4.21e+04  7.121e+04 -4.771e+04 -5.848e+04 -1.978e+04      -2175  -1.67e+04 -9.407e+04       9727 -1.684e+05 -1.143e+05 -6.779e+05 -5.618e+06 -2.531e+05 -4.954e+04  -1.05e+05 -1.435e+05 -1.343e+05      -7888        533  1.721e+04  7.858e+04 -1.946e+05 -3.558e+04 -2.186e+04 -1.696e+04  2.464e+04   6.34e+04  4.558e+04      -9450  5.426e+04  2.858e+04  2.249e+04      -7315  1.845e+04  4.717e+04  3.278e+04  8.409e+04  6.586e+04  -2.95e+04  4.421e+04  1.224e+04  6.244e+04  2.138e+04  1.161e+05 -1.138e+05   6.39e+04  5.544e+04  5.794e+04  5.782e+04  5.258e+04   7.43e+04  4.549e+04   1.97e+04  4.476e+04  4.344e+04  7.762e+04  2.204e+04 -5.556e+04 -1.258e+04  3.147e+04  5.288e+04   8.54e+04  8.918e+04  2.477e+04   3.76e+04  6.832e+04  6.841e+04
  3.347e+04 -2.764e+04 -1.168e+04  3.827e+04  1.951e+04 -2.563e+04  3.837e+04 -8.247e+04 -1.754e+05  -6.77e+04 -1.206e+04 -2.319e+04 -3.101e+04  3.185e+04 -2.861e+04       9649  4.837e+04  3.965e+04   -1.8e+04  1.066e+05  3.651e+04 -2.912e+05 -7.182e+04 -6.167e+04 -1.422e+04       2241  -2.05e+05      169.9 -3.482e+05 -1.288e+05 -1.229e+06 -2.531e+05 -9.337e+06 -1.777e+05 -5.079e+05 -2.606e+05 -3.031e+05 -2.738e+04 -3.776e+04  1.056e+04      -9959 -8.736e+04  2.799e+04   1.36e+04  2.124e+04  2.376e+04  4.098e+04  6.463e+04 -1.857e+04  3.018e+04   1.47e+04      -9447 -5.682e+04   1.24e+04  3.816e+04  3.185e+04  7.161e+04  6.534e+04  1.226e+05  6.983e+04  8.394e+04  1.248e+05  7.537e+04  2.557e+04  1.836e+05  1.746e+05  3.953e+04  6.279e+04  9.167e+04  1.082e+05  4.286e+04  8.867e+04  8.582e+04  7.862e+04  6.232e+04  8.965e+04  4.827e+04  3.044e+04  5.781e+04  9.463e+04  1.403e+05  6.868e+04  1.611e+05   3.05e+04   5.57e+04  6.886e+04  6.946e+04
  5.945e+04 -1.737e+04  2.094e+04  4.198e+04  6.123e+04       7466  -3.35e+04 -2.821e+04 -4.675e+04       2761  1.751e+04  2.126e+04  1.427e+04      -1382  2.504e+04  2.785e+04  3.718e+04 -1.994e+04 -4.257e+04     -227.4  1.228e+04 -1.213e+04 -2.286e+04       7575  1.769e+04  1.582e+04 -7.996e+04  2.939e+04 -1.141e+05  -9.29e+04 -1.251e+05 -4.954e+04 -1.777e+05 -7.851e+06 -6.127e+05 -2.335e+05 -3.367e+05     -507.5  1.472e+04  4.221e+04  4.279e+04  7.264e+04  2.358e+04       7595  3.299e+04  2.214e+04  2.741e+04  2.178e+04 -4.522e+04 -2.694e+04       5939  2.341e+04       2198       6149  3.508e+04  8.398e+04  7.303e+04  9.344e+04  7.726e+04  7.655e+04  6.973e+04  9.806e+04  9.727e+04  1.065e+05  1.867e+05  2.999e+04  6.748e+04  6.435e+04  1.002e+05  1.039e+05   1.04e+05  7.187e+04  8.378e+04  5.409e+04  9.566e+04  6.337e+04  8.819e+04  1.355e+04  8.777e+04  6.647e+04  8.226e+04  3.309e+04  6.068e+04  5.801e+04  5.566e+04  4.623e+04  7.092e+04
  7.791e+04 -6.726e+04  1.926e+04       9977  4.539e+04  8.849e+04      -8710 -6.039e+04 -9.096e+04 -9.771e+04  1.662e+04      -2329      -6377      -3512       1983 -4.933e+04  -4.02e+04 -4.339e+04  3.855e+04 -1.067e+04 -4.665e+04 -1.382e+05 -8.966e+04  -7.07e+04 -4.108e+04 -2.149e+04 -1.102e+05  3.013e+04 -1.364e+05 -6.723e+04 -2.328e+05  -1.05e+05 -5.079e+05 -6.127e+05 -1.286e+07 -2.993e+05 -9.662e+05       2118       3164 -8.609e+04  6.922e+04  2.239e+04  1.784e+04  2.457e+04  7.754e+04       8791   3.39e+04  7.848e+04       4762  6.823e+04  3.771e+04  4.555e+04  1.236e+04 -5.033e+04  4.987e+04  5.576e+04  7.818e+04  6.903e+04 -2.398e+04 -2.318e+04  7.432e+04  6.059e+04   1.55e+05  1.627e+04  1.276e+05 -6.112e+04  5.926e+04  1.866e+04   5.33e+04  9.265e+04  4.377e+04  9.995e+04  9.201e+04  9.173e+04      -6242  6.735e+04 -1.059e+04  5.839e+04  1.011e+05  4.176e+04  1.422e+04  7.901e+04  6.914e+04  3.344e+04  4.948e+04  6.268e+04   7.78e+04
  2.217e+04  3.546e+04  1.086e+05  1.122e+05  7.994e+04   4.43e+04  9.987e+04  1.191e+04  1.041e+04       5537 -8.029e+04  6.334e+04       8559 -1.376e+05 -2.256e+05 -5.556e+04  8.544e+04 -2.058e+05 -1.758e+05  -3.51e+04 -9.051e+04 -1.577e+05  6.424e+04       1841   1.39e+04  1.727e+04     -720.3  3.857e+04 -1.277e+05 -6.697e+04 -2.171e+05 -1.435e+05 -2.606e+05 -2.335e+05 -2.993e+05 -3.232e+07 -3.022e+06  7.938e+04  8.236e+04      -1331  -7.98e+04 -5.895e+04  4.218e+04  -4.75e+04  2.874e+04 -2.423e+04 -1.944e+05  3.109e+04 -7.893e+04  6.846e+04 -1.217e+04  3.796e+04  -6.18e+04 -2.374e+05  5.157e+04      -7849  6.805e+04       6757  4.014e+04      -7046   6.04e+04  3.922e+04 -6.008e+04   5.42e+04 -7.774e+04 -2.958e+05  7.005e+04  9.602e+04  1.212e+05  1.137e+05   7.75e+04  9.717e+04  1.326e+05  1.064e+05  6.438e+04  2.038e+05  1.066e+05  1.281e+05  3.921e+04       6284 -3.885e+04      -3428      -6402  3.909e+04  6.023e+04  9.896e+04  8.376e+04
  9.115e+04       5743  9.244e+04  3.633e+04  2.213e+04 -7.283e+04 -2.645e+05  9.018e+04  1.652e+05  1.134e+05      -9604  3.272e+04  1.376e+04 -7.855e+04      -6941      -7867  1.561e+05 -7.199e+04 -5.674e+04 -2.655e+05 -4.921e+04 -1.308e+04 -1.228e+04 -7.534e+04  1.036e+04 -2.302e+04 -9.573e+04  5.894e+04  -1.35e+05 -1.428e+05 -2.415e+05 -1.343e+05 -3.031e+05 -3.367e+05 -9.662e+05 -3.022e+06 -3.351e+07   4.67e+04 -1.519e+04  4.272e+04 -8.781e+04 -6.842e+04  8.991e+04 -1.621e+05   3.72e+04 -7.144e+04  3.059e+04  4.983e+04 -1.277e+05 -8.087e+04      -8225  5.553e+04  1.378e+05  1.417e+05  7.422e+04  1.105e+05  1.216e+05  8.136e+04  1.383e+05  -2.04e+04  3.847e+04  6.566e+04  4.094e+04   7.01e+04  1.349e+05 -4.265e+04  1.157e+05  4.844e+04  9.628e+04  7.697e+04  1.246e+05  5.716e+04  3.371e+04  1.394e+05   6.78e+04  1.018e+04  1.412e+05 -7.854e+04  3.291e+04 -2.485e+04  8.586e+04  7.935e+04 -7.176e+04  4.454e+04  7.448e+04  5.653e+04  9.556e+04
  -3.35e+04 -1.732e+05 -5.635e+04       1211 -2.204e+04  4.826e+04  -1.55e+04 -3.293e+05 -3.737e+05 -1.535e+05 -3.689e+04 -3.208e+04 -8.488e+04 -2.463e+04      -5513      -4141 -1.987e+04  -1.99e+04       4132  1.397e+04 -3.768e+04 -1.454e+06 -9.438e+04 -4.389e+04       2644 -1.241e+04 -4.601e+04  1.554e+04 -6.278e+04 -2.029e+04 -4.249e+04      -7888 -2.738e+04     -507.5       2118  7.938e+04   4.67e+04 -5.668e+06 -5.361e+05 -6.017e+04      -5298 -1.389e+05 -5.333e+04 -5.302e+04 -9.917e+04 -6.914e+04 -3.825e+04   -2.9e+04 -7.047e+04      -6818   -1.2e+04 -6.344e+04 -1.763e+05 -6.651e+04   1.03e+04        346   3.43e+04  3.763e+04 -3.839e+04  2.728e+04  7.119e+04  2.745e+04  6.199e+04  1.784e+04   1.46e+04  1.519e+05  1.986e+04  6.934e+04  7.739e+04  4.642e+04  5.575e+04  8.256e+04  6.047e+04  7.285e+04  2.933e+04  3.113e+04   3.56e+04   3.43e+04  5.566e+04  6.679e+04  1.245e+05  1.141e+05  1.167e+05       1756  1.302e+04   5.46e+04  6.749e+04
  5.853e+04 -6.263e+04      -9333      -6216  6.918e+04 -1.014e+04       3409 -1.371e+05 -1.933e+05 -8.224e+04 -3.585e+04       2711 -3.517e+04      -9830  1.352e+04  2.207e+04  8.797e+04  6.296e+04  1.047e+04  5.876e+04  5.419e+04 -2.725e+05 -1.158e+04 -2.897e+04      -2783      -7974      -7145  2.305e+04 -1.213e+04      -9868  1.468e+04        533 -3.776e+04  1.472e+04       3164  8.236e+04 -1.519e+04 -5.361e+05  -8.84e+06 -2.874e+05  -1.63e+05 -2.085e+05 -1.984e+05 -1.579e+05 -2.832e+05 -1.831e+05 -1.637e+05 -1.097e+05 -2.397e+05 -3.281e+05 -1.507e+05 -3.096e+05 -7.515e+04 -1.399e+04  3.021e+04  4.791e+04  5.247e+04  7.063e+04  7.022e+04  7.821e+04  7.709e+04  6.041e+04  7.573e+04  1.062e+05 -2.529e+05  1.676e+05  7.526e+04  6.509e+04  6.695e+04  3.883e+04   6.69e+04   5.49e+04  1.506e+05  9.442e+04  6.556e+04  9.606e+04 -1.804e+04 -1.593e+04  8.764e+04  5.685e+04  5.265e+04   1.11e+05  1.777e+05  5.328e+04  4.873e+04  6.125e+04  5.468e+04
  8.658e+04  -2.11e+04      -7227  3.382e+04  1.732e+04 -2.379e+04 -5.669e+04      -4107 -1.131e+05   2.25e+04 -3.013e+04  3.171e+04  -4.94e+04  1.752e+04 -1.009e+04  8.584e+04  5.414e+04  2.459e+04  6.491e+04  1.025e+05  4.322e+04 -3.435e+05 -4.421e+04 -1.995e+04      -4328 -1.588e+04  4.438e+04       9321 -2.479e+04 -3.028e+04 -7.192e+04  1.721e+04  1.056e+04  4.221e+04 -8.609e+04      -1331  4.272e+04 -6.017e+04 -2.874e+05 -1.425e+07 -4.639e+05 -1.637e+06 -5.483e+05 -5.003e+05 -1.657e+06  -5.98e+05 -2.324e+05 -2.405e+05 -2.428e+05 -3.195e+05 -1.502e+05 -7.195e+04 -7.215e+04  5.126e+04  6.854e+04  5.073e+04  2.726e+04  3.462e+04  4.879e+04 -6.097e+04   5.46e+04  9.511e+04  9.442e+04  7.093e+04   1.59e+05      -2359  7.159e+04  8.151e+04  1.345e+05  6.677e+04  5.036e+04  1.024e+05  7.855e+04  8.414e+04  4.135e+04  1.105e+05       3283      -2123  1.239e+05  7.721e+04  7.426e+04  9.857e+04  5.611e+04  4.743e+04   6.38e+04  6.531e+04  5.055e+04
    6.4e+04 -2.233e+04  7.254e+04  5.219e+04  1.271e+04       1371 -2.593e+04  3.749e+04  7.059e+04 -1.382e+04  2.982e+04   4.78e+04  5.305e+04  1.866e+04  5.438e+04  7.138e+04 -8.411e+04 -4.383e+04 -1.548e+04  6.111e+04       5432  5.458e+04 -3.839e+04  4.439e+04  1.275e+04  5.016e+04  4.452e+04  5.752e+04  4.861e+04 -4.377e+04      -2810  7.858e+04      -9959  4.279e+04  6.922e+04  -7.98e+04 -8.781e+04      -5298  -1.63e+05 -4.639e+05 -1.633e+07 -3.125e+06 -4.843e+05 -5.627e+05 -1.992e+05 -2.342e+05 -2.393e+05 -2.152e+05 -2.212e+05 -2.428e+05 -1.034e+05 -1.032e+04 -9.261e+04  7.381e+04  7.073e+04  5.974e+04  9.089e+04  9.715e+04  8.032e+04  7.201e+04  9.748e+04  7.053e+04  1.517e+05  7.429e+04  1.816e+05    6.7e+04  7.531e+04  6.729e+04   2.16e+04  1.492e+05  9.401e+04  9.214e+04      6e+04  8.569e+04  7.426e+04   1.09e+05  1.001e+05  6.278e+04  1.434e+05  6.938e+04  8.465e+04  1.446e+05   1.51e+04  5.918e+04  8.058e+04  7.529e+04  8.417e+04
  1.196e+05 -7.661e+04  -1.99e+04  -3.59e+04 -4.835e+04 -6.155e+04 -1.449e+04 -3.095e+05  -1.35e+05 -5.359e+04 -6.945e+04 -6.134e+04 -4.212e+04       2884  -5.81e+04  2.047e+04 -1.143e+05   -1.3e+05  5.734e+04 -6.503e+04 -4.973e+04 -6.509e+04  -1.94e+05      -9249       5201 -3.647e+04       7573   3.42e+04  9.822e+04 -9.196e+04  8.057e+04 -1.946e+05 -8.736e+04  7.264e+04  2.239e+04 -5.895e+04 -6.842e+04 -1.389e+05 -2.085e+05 -1.637e+06 -3.125e+06 -9.934e+07 -1.458e+06 -1.957e+06 -7.157e+05 -6.538e+05 -2.235e+05  -4.38e+05 -3.093e+05 -3.808e+05 -2.297e+05 -1.268e+05 -4.992e+04  8.499e+04  3.097e+04  6.796e+04  8.647e+04  4.588e+04    2.1e+05 -7.512e+04  4.051e+04  1.736e+05  2.161e+05  8.794e+04  3.588e+04 -1.954e+04  1.303e+05  8.937e+04  2.335e+04  1.064e+05  5.159e+04  9.284e+04  1.116e+05  1.527e+05  1.444e+05  1.742e+05  3.158e+04 -3.596e+04  5.135e+04 -3.774e+04 -1.876e+05 -6.977e+04 -2.739e+05  7.188e+04  3.773e+04  8.322e+04  5.429e+04
   1.13e+05 -3.207e+04  5.652e+04       2700  7.515e+04 -8.986e+04 -1.112e+05 -1.077e+05 -1.462e+04 -6.021e+04      38.92     -161.2 -1.108e+04 -3.997e+04       -760  2.778e+04  2.855e+04  -2.21e+04  4.776e+04 -1.101e+05   1.54e+04 -7.434e+04      -8981 -1.283e+04       4554  2.884e+04  2.011e+04  7.011e+04  7.485e+04 -4.589e+04  2.757e+04 -3.558e+04  2.799e+04  2.358e+04  1.784e+04  4.218e+04  8.991e+04 -5.333e+04 -1.984e+05 -5.483e+05 -4.843e+05 -1.458e+06 -1.409e+07 -6.177e+05 -2.348e+05 -3.067e+05 -2.828e+05  -3.66e+05 -3.283e+05 -3.744e+05 -1.908e+05 -8.429e+04   -1.1e+05  3.911e+04  5.536e+04  8.039e+04  6.627e+04  7.563e+04  1.156e+05  9.324e+04  1.119e+05  9.379e+04  1.098e+05  1.533e+05 -5.074e+05  5.236e+04  7.362e+04  1.182e+05  1.413e+05  1.337e+05  4.622e+04  8.506e+04  1.223e+05  7.783e+04  7.686e+04 -3.306e+04  6.682e+04  4.232e+04  3.817e+04  1.581e+04  9.133e+04  1.013e+05  8.295e+04  5.662e+04  5.948e+04  8.885e+04   6.72e+04
  5.996e+04       2410  2.267e+04  1.837e+04  7.461e+04 -5.964e+04  1.164e+04 -1.414e+05 -1.321e+05 -2.346e+04  1.537e+04 -1.124e+04       6654  2.995e+04  3.983e+04 -1.561e+04  1.481e+05  4.308e+04  1.179e+05 -7.306e+04 -8.951e+04 -4.506e+04  4.027e+04      -5733  1.536e+04 -5.243e+04  1.064e+04  6.727e+04   1.29e+04      287.7 -1.724e+04 -2.186e+04   1.36e+04       7595  2.457e+04  -4.75e+04 -1.621e+05 -5.302e+04 -1.579e+05 -5.003e+05 -5.627e+05 -1.957e+06 -6.177e+05 -1.818e+07 -2.524e+05 -2.493e+05 -2.841e+05  -1.93e+05 -5.231e+05 -3.526e+05 -1.986e+05 -6.685e+04  6.154e+04  1.152e+05   4.74e+04  8.829e+04  9.199e+04   7.99e+04  1.744e+05  1.126e+05  8.679e+04  9.008e+04  1.253e+05 -5.179e+04 -2.208e+05   1.66e+04  7.937e+04  7.753e+04  5.799e+04  5.602e+04  6.802e+04  6.996e+04  4.506e+04  7.833e+04  7.436e+04  5.526e+04 -4.272e+04 -2.674e+04    1.4e+05  2.506e+04   7.06e+04  8.105e+04 -8.042e+04  6.468e+04  6.915e+04  7.169e+04  5.778e+04
  8.685e+04 -6.164e+04       8977  2.679e+04  1.147e+04 -4.292e+04  5.984e+04 -6.349e+04 -8.231e+04  1.659e+04 -1.347e+04       5078 -5.897e+04 -3.866e+04       2743       7782 -1.571e+05      -6683  2.191e+04  1.812e+04  5.908e+04 -2.472e+05 -4.673e+04      -3929  1.879e+04       6037 -2.664e+04  3.181e+04 -1.116e+04  2.133e+04 -2.991e+04 -1.696e+04  2.124e+04  3.299e+04  7.754e+04  2.874e+04   3.72e+04 -9.917e+04 -2.832e+05 -1.657e+06 -1.992e+05 -7.157e+05 -2.348e+05 -2.524e+05 -2.212e+07 -4.196e+06 -1.824e+05 -4.541e+05 -5.881e+05 -4.234e+05 -3.331e+05 -4.547e+04  2.095e+04  7.344e+04  3.052e+04    3.8e+04  2.564e+04  7.886e+04  1.157e+05  5.614e+04  1.344e+05  6.882e+04 -2.894e+04  2.383e+04 -1.018e+05  1.226e+05   5.01e+04  6.785e+04  7.981e+04  2.264e+04  4.856e+04   7.09e+04  1.089e+05  3.367e+04  1.431e+05 -2.551e+04 -7.218e+04  1.055e+05  3.429e+04  1.169e+05  1.949e+05  9.449e+04  2.001e+05  5.794e+04  7.495e+04  5.015e+04  6.131e+04
  8.559e+04 -1.726e+04  6.898e+04   1.86e+04  1.331e+04  7.456e+04 -2.314e+04 -4.678e+04       3730 -2.791e+04  1.218e+04  2.888e+04  2.106e+04 -7.356e+04 -2.252e+04  7.919e+04 -2.259e+05 -2.355e+04  4.933e+04  5.054e+04 -5.995e+04 -2.052e+04 -6.462e+04 -4.345e+04      -6991  3.641e+04      -8870  4.422e+04  3.436e+04 -1.343e+04 -5.162e+04  2.464e+04  2.376e+04  2.214e+04       8791 -2.423e+04 -7.144e+04 -6.914e+04 -1.831e+05  -5.98e+05 -2.342e+05 -6.538e+05 -3.067e+05 -2.493e+05 -4.196e+06 -1.852e+07 -4.854e+05 -5.305e+05 -5.039e+05 -4.597e+05 -3.602e+05 -7.104e+04 -6.113e+04       3579  5.966e+04  3.618e+04  3.686e+04  6.989e+04  5.456e+04      -5684  6.555e+04  5.758e+04  7.593e+04  1.517e+05   2.03e+04  1.776e+05  8.101e+04  8.365e+04  8.286e+04  5.926e+04  7.033e+04  8.512e+04  1.459e+05  8.257e+04  3.117e+04   -1.4e+05  3.098e+04  2.174e+04  1.013e+05  1.013e+05  1.377e+05  9.803e+04  1.233e+05  3.796e+04  7.005e+04  9.128e+04  8.493e+04
  1.042e+05 -1.566e+04  1.453e+04       6344      -5163 -7.018e+04       9657 -7.912e+04  4.139e+04  1.314e+04      542.8 -1.617e+04  1.412e+04  -9.37e+04       4292 -2.877e+04      870.5 -1.802e+05 -1.335e+05  2.173e+04      -3333 -3.307e+04 -2.487e+04       4208 -1.694e+04  1.463e+04  4.896e+04   4.38e+04  3.673e+04 -2.136e+04 -3.925e+04   6.34e+04  4.098e+04  2.741e+04   3.39e+04 -1.944e+05  3.059e+04 -3.825e+04 -1.637e+05 -2.324e+05 -2.393e+05 -2.235e+05 -2.828e+05 -2.841e+05 -1.824e+05 -4.854e+05 -1.327e+07 -7.686e+05  -4.47e+05 -5.113e+05 -1.747e+05  -6.73e+04 -1.387e+04 -8.608e+04  4.533e+04  4.311e+04  6.652e+04  9.384e+04  3.361e+04   7.25e+04  7.534e+04   8.66e+04  6.897e+04  1.009e+04 -6.323e+04 -1.368e+05  6.941e+04  7.664e+04  1.066e+05  7.485e+04  7.478e+04   5.03e+04  1.444e+04  7.365e+04  1.466e+05  1.614e+05  1.972e+04 -6.463e+04  1.124e+05  8.627e+04 -2.584e+04 -5.618e+04  9.342e+04  6.715e+04  6.137e+04  3.366e+04  8.017e+04
  8.674e+04 -2.556e+04 -1.009e+04  2.506e+04   5.99e+04 -9.078e+04      -4096 -4.773e+04 -1.419e+05   -1.5e+04 -3.347e+04  3.964e+04  1.239e+04       8050  1.952e+04  2.675e+04  1.526e+05   -6.2e+04  6.724e+04  9.172e+04  4.008e+04 -6.858e+04  1.129e+04  1.981e+04       7153  4.731e+04  4.034e+04  5.291e+04 -2.351e+04  1.232e+04      -1176  4.558e+04  6.463e+04  2.178e+04  7.848e+04  3.109e+04  4.983e+04   -2.9e+04 -1.097e+05 -2.405e+05 -2.152e+05  -4.38e+05  -3.66e+05  -1.93e+05 -4.541e+05 -5.305e+05 -7.686e+05 -1.945e+07 -3.043e+05 -3.484e+05 -1.952e+05 -1.044e+05       5675  5.915e+04  4.306e+04  5.782e+04  5.363e+04  7.775e+04  1.482e+05   9.79e+04  8.561e+04  5.992e+04  9.282e+04  1.021e+05  9.589e+04 -3.741e+05  6.367e+04  8.636e+04  1.514e+05  1.855e+05   6.79e+04  1.094e+05  1.432e+05  1.215e+05  1.924e+05  1.244e+05  3.283e+04 -1.133e+05  1.082e+05  1.604e+05  1.767e+05 -1.601e+04  7.279e+04  5.097e+04  7.579e+04  8.335e+04  8.711e+04
  8.754e+04 -5.727e+04  3.243e+04  6.135e+04  4.382e+04  9.972e+04  1.855e+04 -4.343e+04   1.04e+05  1.814e+04  5.836e+04  4.622e+04       8881  -7.07e+04       6504  6.134e+04 -5.442e+04  1.602e+04   9.96e+04  9.606e+04 -4.604e+04 -7.624e+04 -4.668e+04 -3.035e+04  3.008e+04  2.888e+04   1.39e+04  5.858e+04 -7.864e+04  1.679e+04 -3.556e+04      -9450 -1.857e+04 -4.522e+04       4762 -7.893e+04 -1.277e+05 -7.047e+04 -2.397e+05 -2.428e+05 -2.212e+05 -3.093e+05 -3.283e+05 -5.231e+05 -5.881e+05 -5.039e+05  -4.47e+05 -3.043e+05 -3.233e+07 -2.305e+06 -2.177e+05 -8.814e+04  -2.24e+05  1.132e+05   6.18e+04  8.349e+04  7.585e+04   1.25e+05  1.431e+05  6.293e+04  5.963e+04  5.388e+04   1.02e+05  1.025e+04    3.7e+04 -2.888e+05  7.321e+04  5.503e+04  1.656e+04 -1.906e+04  5.722e+04   1.51e+05  7.337e+04  1.578e+04  3.842e+04  3.928e+04  8.071e+04      -8480  9.724e+04 -4.429e+04  1.229e+04 -3.531e+04       2159  2.548e+04  6.574e+04  4.671e+04  1.703e+04
  6.029e+04  4.465e+04  5.133e+04  4.072e+04  9.471e+04  1.516e+04 -4.251e+04   8.12e+04 -1.405e+05  1.396e+04       6473  2.251e+04  8.259e+04  2.104e+04  -3.81e+04  1.245e+04  2.017e+04  2.058e+04 -2.983e+04  3.283e+04       9646 -2.221e+04 -2.833e+04 -5.534e+04  5.064e+04  1.092e+05 -2.772e+04  5.158e+04    7.3e+04  4.369e+04      -7013  5.426e+04  3.018e+04 -2.694e+04  6.823e+04  6.846e+04 -8.087e+04      -6818 -3.281e+05 -3.195e+05 -2.428e+05 -3.808e+05 -3.744e+05 -3.526e+05 -4.234e+05 -4.597e+05 -5.113e+05 -3.484e+05 -2.305e+06 -3.387e+07 -2.495e+05 -1.071e+05  2.062e+05  7.613e+04  4.228e+04   1.16e+05  3.951e+04  8.374e+04  3.853e+04  2.922e+04  7.587e+04  3.765e+04  8.998e+04  2.192e+05 -3.779e+05  2.778e+05  1.044e+05  1.031e+05  6.634e+04  1.428e+05  4.418e+04  7.062e+04   1.05e+04  1.514e+05  2.222e+05  2.168e+05   2.73e+05  1.346e+05  8.418e+04 -2.932e+04  3.853e+04  8.529e+04  -3.86e+04  7.204e+04   7.05e+04  1.337e+05  9.053e+04
  3.638e+04  2.858e+04  2.299e+04   1.35e+04  5.251e+04 -2.767e+04       9395 -4.049e+04 -9.931e+04 -1.512e+04  1.005e+04  3.582e+04  1.417e+04      -2154 -2.719e+04       6888 -1.355e+05 -1.071e+04       5093 -1.573e+04  3.332e+04 -2.367e+04 -2.039e+04  1.319e+04       3285       1494  2.491e+04  3.125e+04  2.247e+04 -4.324e+04      -4692  2.858e+04   1.47e+04       5939  3.771e+04 -1.217e+04      -8225   -1.2e+04 -1.507e+05 -1.502e+05 -1.034e+05 -2.297e+05 -1.908e+05 -1.986e+05 -3.331e+05 -3.602e+05 -1.747e+05 -1.952e+05 -2.177e+05 -2.495e+05 -5.356e+06  -4.83e+04  2.446e+04 -1.775e+04  3.302e+04  3.329e+04  3.044e+04  1.776e+04 -3.037e+04  2.573e+04   1.15e+04  -1.03e+05  3.437e+04  3.852e+04 -8.042e+04  1.089e+05  6.497e+04  6.765e+04  6.462e+04  6.051e+04  5.723e+04  6.751e+04 -8.868e+04  1.833e+04  8.345e+04 -1.495e+04  6.751e+04  4.895e+04  6.558e+04  5.581e+04       2895  5.204e+04  -1.88e+05  4.287e+04  4.925e+04  5.209e+04   5.29e+04
  8.419e+04 -3.977e+04       6602  2.633e+04  4.034e+04  4.586e+04  2.591e+04 -8.637e+04 -8.298e+04 -4.168e+04       9132       4566       3588       7479  3.136e+04  4.713e+04  5.625e+04  3.186e+04 -1.219e+04  3.209e+04 -3.527e+04 -9.149e+04      -1571      -7102  1.577e+04  2.542e+04    1.4e+04  5.296e+04  2.716e+04       6106  3.612e+04  2.249e+04      -9447  2.341e+04  4.555e+04  3.796e+04  5.553e+04 -6.344e+04 -3.096e+05 -7.195e+04 -1.032e+04 -1.268e+05 -8.429e+04 -6.685e+04 -4.547e+04 -7.104e+04  -6.73e+04 -1.044e+05 -8.814e+04 -1.071e+05  -4.83e+04 -4.089e+06 -1.879e+04  3.567e+04   5.29e+04  5.879e+04  5.482e+04  7.876e+04  1.186e+05  4.952e+04  5.115e+04  5.984e+04  6.452e+04   4.75e+04  5.596e+04 -2.861e+04  6.984e+04  7.271e+04  6.675e+04  5.689e+04  6.412e+04  7.662e+04  7.443e+04  1.088e+05  9.264e+04   9.01e+04  6.736e+04  2.772e+04  8.086e+04  8.461e+04  8.623e+04    6.4e+04  1.245e+05  4.805e+04  5.349e+04  5.797e+04  8.702e+04
 -7.702e+05 -3.074e+06 -9.369e+04  2.992e+04  2.242e+04  5.014e+04  1.545e+05 -6.163e+05 -2.802e+05 -1.984e+05 -3.415e+04  3.669e+04 -6.744e+04  3.337e+04       3877   2.81e+04 -7.506e+04 -2.679e+04 -9.134e+04 -1.641e+05 -7.154e+04 -6.299e+05 -2.636e+05  -1.05e+05  -2.23e+04 -3.608e+04 -5.343e+04 -3.052e+04 -1.427e+05  4.402e+04 -1.036e+05      -7315 -5.682e+04       2198  1.236e+04  -6.18e+04  1.378e+05 -1.763e+05 -7.515e+04 -7.215e+04 -9.261e+04 -4.992e+04   -1.1e+05  6.154e+04  2.095e+04 -6.113e+04 -1.387e+04       5675  -2.24e+05  2.062e+05  2.446e+04 -1.879e+04 -5.494e+07 -3.903e+06 -3.756e+05 -5.509e+05  3.589e+04 -8.432e+04 -1.355e+05 -6.522e+04 -1.023e+05  7.566e+04 -5.865e+04  8.543e+04  2.377e+05  2.181e+05 -8.905e+05  4.983e+04 -9.581e+04   2.22e+04       5085   8.41e+04  3.237e+04  7.543e+04  1.881e+04  1.532e+05  1.225e+05       5339  7.291e+04  1.288e+05  1.335e+05  2.278e+04  2.055e+05 -1.836e+05 -6.222e+04  1.485e+04  1.964e+04
 -1.561e+05 -6.022e+05 -4.759e+04  2.297e+04       6283       7059  8.324e+04  -3.11e+05 -6.034e+04 -8.726e+04 -9.815e+04      -8417      -2292 -8.775e+04       2513  1.268e+05  4.657e+04  4.292e+04   6.02e+04  -1.08e+04   4.49e+04 -4.245e+05 -5.926e+04 -8.102e+04      -9934  1.307e+04 -5.268e+04      -5126 -5.472e+04  4.712e+04  9.802e+04  1.845e+04   1.24e+04       6149 -5.033e+04 -2.374e+05  1.417e+05 -6.651e+04 -1.399e+04  5.126e+04  7.381e+04  8.499e+04  3.911e+04  1.152e+05  7.344e+04       3579 -8.608e+04  5.915e+04  1.132e+05  7.613e+04 -1.775e+04  3.567e+04 -3.903e+06 -1.562e+07 -8.691e+05 -1.154e+06  3.233e+04 -1.246e+05 -4.936e+04  8.946e+04  4.378e+04       5583  4.813e+04       4326 -2.963e+05  2.112e+05  1.431e+04  4.328e+04  6.224e+04  3.656e+04 -1.003e+04       7757       9018  5.534e+04  2.914e+04  7.153e+04  1.206e+04 -2.176e+04  7.936e+04      -1123  1.279e+05      -1452  4.262e+04      -9712  -2.33e+04  4.988e+04  6.021e+04
       6508 -1.009e+05  1.182e+04  4.218e+04  4.645e+04  3.429e+04  3.646e+04 -5.771e+04 -1.109e+04      -3380  1.098e+04  3.058e+04  2.191e+04  4.487e+04  3.814e+04  6.581e+04  2.125e+04  4.612e+04  5.943e+04      -2907  4.326e+04 -8.844e+04       6463  1.835e+04  4.021e+04  3.702e+04  1.894e+04  4.237e+04   1.83e+04  2.092e+04  1.998e+04  4.717e+04  3.816e+04  3.508e+04  4.987e+04  5.157e+04  7.422e+04   1.03e+04  3.021e+04  6.854e+04  7.073e+04  3.097e+04  5.536e+04   4.74e+04  3.052e+04  5.966e+04  4.533e+04  4.306e+04   6.18e+04  4.228e+04  3.302e+04   5.29e+04 -3.756e+05 -8.691e+05 -1.631e+06  6.894e+04  3.183e+04  4.585e+04  2.422e+04  2.319e+04  2.888e+04  4.754e+04  3.291e+04  4.728e+04       2425  4.282e+04  2.613e+04  4.534e+04  5.167e+04  6.116e+04  3.687e+04  4.541e+04  4.922e+04  7.354e+04  4.914e+04  4.759e+04   3.89e+04       4651  5.035e+04  3.677e+04  6.589e+04  4.896e+04   5.34e+04  2.299e+04  2.434e+04  5.185e+04   5.02e+04
 -1.645e+04 -1.179e+05      677.7  3.031e+04  2.194e+04  5.657e+04  7.094e+04 -4.582e+04       1576 -2.383e+04  1.757e+04  2.209e+04  2.534e+04  4.628e+04  3.394e+04  9.857e+04  7.302e+04   7.89e+04  7.599e+04  7.618e+04  1.002e+05 -1.104e+05 -1.906e+04      -5270  2.009e+04  3.483e+04      -2041  2.006e+04  2.106e+04  3.175e+04  7.187e+04  3.278e+04  3.185e+04  8.398e+04  5.576e+04      -7849  1.105e+05        346  4.791e+04  5.073e+04  5.974e+04  6.796e+04  8.039e+04  8.829e+04    3.8e+04  3.618e+04  4.311e+04  5.782e+04  8.349e+04   1.16e+05  3.329e+04  5.879e+04 -5.509e+05 -1.154e+06  6.894e+04 -2.096e+06 -1.939e+04  -2.21e+05   -6.3e+04      -8585 -1.063e+04      -5156  1.464e+04       8076 -5.873e+04  8.867e+04       1001  3.919e+04  2.692e+04  1.336e+04  3.318e+04  2.921e+04  3.604e+04  3.512e+04  4.514e+04  3.112e+04   3.14e+04 -1.274e+04  5.701e+04   5.18e+04  7.076e+04      -4217  7.832e+04   1.36e+04       4271  3.069e+04  3.872e+04
  5.687e+04  6.427e+04  2.178e+04  5.703e+04  5.098e+04  6.091e+04  6.417e+04       7490  4.434e+04      -4169  2.668e+04   5.47e+04  5.922e+04  4.383e+04  1.447e+04  4.708e+04  2.231e+04  5.638e+04  4.182e+04  1.568e+04  4.198e+04 -5.401e+04  4.022e+04  2.024e+04  3.069e+04  2.232e+04  5.665e+04  3.647e+04  5.594e+04  2.536e+04  1.038e+05  8.409e+04  7.161e+04  7.303e+04  7.818e+04  6.805e+04  1.216e+05   3.43e+04  5.247e+04  2.726e+04  9.089e+04  8.647e+04  6.627e+04  9.199e+04  2.564e+04  3.686e+04  6.652e+04  5.363e+04  7.585e+04  3.951e+04  3.044e+04  5.482e+04  3.589e+04  3.233e+04  3.183e+04 -1.939e+04 -3.831e+06 -6.296e+05 -2.186e+05 -6.673e+04 -6.409e+04 -3.274e+04 -1.255e+05 -7.753e+04      -4332 -1.004e+05  4.895e+04  5.635e+04  5.593e+04  6.778e+04  4.117e+04  5.762e+04   7.76e+04  4.948e+04  7.132e+04  5.955e+04   3.71e+04  3.069e+04  7.166e+04  6.767e+04  5.891e+04  8.266e+04  6.134e+04  4.113e+04  4.937e+04  4.921e+04  6.656e+04
  1.761e+04       7697  3.762e+04  4.264e+04  4.294e+04  3.922e+04  6.488e+04      -5856      -6834     -420.1  3.481e+04  2.965e+04  4.557e+04  6.589e+04   4.09e+04  4.185e+04  1.133e+05  5.364e+04  5.193e+04  9.102e+04   5.36e+04 -8.723e+04      -1804  1.667e+04  1.946e+04  4.845e+04  3.105e+04   3.97e+04  4.856e+04  2.185e+04  4.147e+04  6.586e+04  6.534e+04  9.344e+04  6.903e+04       6757  8.136e+04  3.763e+04  7.063e+04  3.462e+04  9.715e+04  4.588e+04  7.563e+04   7.99e+04  7.886e+04  6.989e+04  9.384e+04  7.775e+04   1.25e+05  8.374e+04  1.776e+04  7.876e+04 -8.432e+04 -1.246e+05  4.585e+04  -2.21e+05 -6.296e+05 -5.306e+06 -6.136e+05 -1.874e+05 -2.113e+05  -1.94e+05 -1.535e+05 -1.709e+05 -3.042e+05 -1.729e+05  4.338e+04  4.206e+04  2.534e+04  1.054e+04  3.802e+04  3.917e+04   2.01e+04  1.535e+04  2.356e+04  4.514e+04  4.861e+04      243.9  5.011e+04  6.658e+04  7.715e+04  8.629e+04  1.063e+05  2.525e+04  2.637e+04  4.789e+04  6.187e+04
  1.617e+04  8.311e+04 -2.925e+04  6.363e+04  5.334e+04 -4.979e+04 -4.844e+04 -6.057e+04  1.015e+05  4.051e+04  2.278e+04  4.526e+04  1.225e+04  7.495e+04  8.165e+04  2.719e+04 -3.973e+04  6.036e+04  1.081e+05  2.359e+04 -2.631e+04  -9.71e+04       6233  1.964e+04  6.432e+04 -4.721e+04  -2.92e+04  5.702e+04 -1.507e+04     -441.1 -1.123e+04  -2.95e+04  1.226e+05  7.726e+04 -2.398e+04  4.014e+04  1.383e+05 -3.839e+04  7.022e+04  4.879e+04  8.032e+04    2.1e+05  1.156e+05  1.744e+05  1.157e+05  5.456e+04  3.361e+04  1.482e+05  1.431e+05  3.853e+04 -3.037e+04  1.186e+05 -1.355e+05 -4.936e+04  2.422e+04   -6.3e+04 -2.186e+05 -6.136e+05  -3.84e+07 -8.656e+05 -1.388e+06 -3.443e+06 -2.014e+05 -2.591e+05 -3.426e+05 -4.705e+05  6.142e+04  2.354e+04  3.385e+04  5.708e+04  6.684e+04 -8.204e+04   1.52e+04  1.319e+04  3.204e+04 -2.656e+04  1.067e+04      -8837  1.039e+05      -9465  1.461e+05  8.801e+04  7.397e+04  1.869e+04  3.171e+04  2.721e+04  2.661e+04
  1.286e+04  7.734e+04  3.473e+04  3.403e+04  4.805e+04  4.758e+04      506.2       8413  2.621e+04   2.82e+04  3.423e+04  6.068e+04  2.146e+04  5.789e+04  2.163e+04  7.465e+04  9.183e+04 -2.674e+04       7575 -2.372e+04  3.363e+04  8.072e+04  4.444e+04  1.983e+04 -3.219e+04       1762  6.701e+04  1.515e+04   5.06e+04  1.334e+04       9445  4.421e+04  6.983e+04  7.655e+04 -2.318e+04      -7046  -2.04e+04  2.728e+04  7.821e+04 -6.097e+04  7.201e+04 -7.512e+04  9.324e+04  1.126e+05  5.614e+04      -5684   7.25e+04   9.79e+04  6.293e+04  2.922e+04  2.573e+04  4.952e+04 -6.522e+04  8.946e+04  2.319e+04      -8585 -6.673e+04 -1.874e+05 -8.656e+05 -9.788e+06 -4.628e+05 -2.578e+05 -3.164e+05 -3.939e+05 -5.099e+05 -2.788e+05  5.054e+04  4.208e+04  5.255e+04  2.606e+04  3.144e+04  4.589e+04  9.377e+04  3.788e+04       9863 -1.278e+05       5898  2.901e+04  2.731e+04  -2.32e+04 -2.145e+04  4.645e+04  7.988e+04  3.435e+04      4e+04      -3262  4.836e+04
  6.855e+04  6.776e+04  4.957e+04   6.43e+04  6.832e+04 -5.911e+04       9158  1.317e+04  7.039e+04  1.371e+04  1.249e+04  7.786e+04   5.68e+04    5.8e+04  1.565e+05  4.462e+04  3.593e+04  1.829e+04  2.311e+04      -3150   5.55e+04 -3.156e+04  5.102e+04   1.96e+04  3.182e+04  3.239e+04  6.551e+04  3.726e+04  7.134e+04  2.254e+04  9.127e+04  1.224e+04  8.394e+04  6.973e+04  7.432e+04   6.04e+04  3.847e+04  7.119e+04  7.709e+04   5.46e+04  9.748e+04  4.051e+04  1.119e+05  8.679e+04  1.344e+05  6.555e+04  7.534e+04  8.561e+04  5.963e+04  7.587e+04   1.15e+04  5.115e+04 -1.023e+05  4.378e+04  2.888e+04 -1.063e+04 -6.409e+04 -2.113e+05 -1.388e+06 -4.628e+05 -1.073e+07 -3.944e+05 -3.405e+05 -3.806e+05 -3.185e+05 -2.714e+05  5.728e+04  6.272e+04  8.799e+04  1.949e+04    6.4e+04  4.565e+04  2.956e+04  6.976e+04  7.025e+04  5.437e+04  7.621e+04  2.806e+04       8315  6.915e+04  5.552e+04  7.195e+04  2.598e+04  4.058e+04  5.396e+04  1.425e+04   3.71e+04
  1.505e+04  6.562e+04  1.402e+04  7.602e+04  4.535e+04  3.396e+04  6.075e+04  4.516e+04  6.533e+04  2.738e+04  2.248e+04  5.942e+04  2.354e+04       6109   1.51e+04  5.734e+04  2.444e+04      -3075  9.603e+04  4.419e+04 -2.027e+04  8.635e+04  9.402e+04  3.291e+04  3.509e+04  1.462e+04  5.798e+04  3.341e+04  8.302e+04   1.29e+04  8.874e+04  6.244e+04  1.248e+05  9.806e+04  6.059e+04  3.922e+04  6.566e+04  2.745e+04  6.041e+04  9.511e+04  7.053e+04  1.736e+05  9.379e+04  9.008e+04  6.882e+04  5.758e+04   8.66e+04  5.992e+04  5.388e+04  3.765e+04  -1.03e+05  5.984e+04  7.566e+04       5583  4.754e+04      -5156 -3.274e+04  -1.94e+05 -3.443e+06 -2.578e+05 -3.944e+05 -1.347e+07 -3.545e+05 -4.561e+05 -7.312e+05 -5.154e+05  3.582e+04  8.754e+04  8.816e+04 -1.176e+04  2.234e+04      -5738 -2.438e+05       3729  9.441e+04 -4.922e+04       1171      -1493  6.129e+04  2.618e+04  8.367e+04  6.714e+04 -4.132e+05  5.633e+04  5.943e+04  1.594e+04  6.336e+04
  8.271e+04  1.155e+05  5.779e+04   6.77e+04  6.326e+04  4.035e+04 -2.119e+04  1.338e+04  8.877e+04  4.688e+04  2.206e+04  9.444e+04  7.158e+04  6.326e+04  4.002e+04  9.934e+04  1.033e+05  1.221e+04  1.051e+05  4.753e+04  9.312e+04   1.82e+05  8.071e+04  9.077e+04  1.833e+04  9.699e+04  7.924e+04  3.221e+04  6.017e+04  5.298e+04  3.182e+04  2.138e+04  7.537e+04  9.727e+04   1.55e+05 -6.008e+04  4.094e+04  6.199e+04  7.573e+04  9.442e+04  1.517e+05  2.161e+05  1.098e+05  1.253e+05 -2.894e+04  7.593e+04  6.897e+04  9.282e+04   1.02e+05  8.998e+04  3.437e+04  6.452e+04 -5.865e+04  4.813e+04  3.291e+04  1.464e+04 -1.255e+05 -1.535e+05 -2.014e+05 -3.164e+05 -3.405e+05 -3.545e+05 -1.979e+07 -1.384e+06 -5.558e+05 -5.787e+05  8.899e+04  5.105e+04  7.875e+04  6.992e+04  1.423e+04  2.509e+04  8.803e+04  1.008e+05 -4.243e+04  1.473e+05  5.413e+04  3.983e+04  1.449e+04 -2.548e+04  5.479e+04  1.014e+05  4.454e+04   4.35e+04  5.054e+04  4.802e+04  6.515e+04
  6.873e+04  2.623e+04  6.354e+04   5.56e+04  5.642e+04 -3.695e+04  6.367e+04  1.107e+04  3.235e+04  5.133e+04  3.915e+04  1.111e+05  5.101e+04  1.255e+04   7.36e+04  9.908e+04  1.779e+05       1896 -4.218e+04 -8.042e+04  3.516e+04 -3.128e+04  8.813e+04   2.44e+04  1.015e+04  2.905e+04  4.744e+04   7.89e+04  7.601e+04  1.829e+04  9.968e+04  1.161e+05  2.557e+04  1.065e+05  1.627e+04   5.42e+04   7.01e+04  1.784e+04  1.062e+05  7.093e+04  7.429e+04  8.794e+04  1.533e+05 -5.179e+04  2.383e+04  1.517e+05  1.009e+04  1.021e+05  1.025e+04  2.192e+05  3.852e+04   4.75e+04  8.543e+04       4326  4.728e+04       8076 -7.753e+04 -1.709e+05 -2.591e+05 -3.939e+05 -3.806e+05 -4.561e+05 -1.384e+06 -2.207e+07 -6.948e+05 -1.072e+06  6.314e+04  4.694e+04  6.134e+04  4.834e+04  6.333e+04  2.624e+04  8.686e+04  6.722e+04 -5.069e+04 -1.171e+04 -1.398e+04 -4.799e+04  2.427e+04   1.16e+05  1.401e+05  6.879e+04       8315  4.765e+04  6.176e+04  3.262e+04  7.525e+04
 -5.766e+04    1.1e+05  9.404e+04  1.852e+04  2.473e+04 -4.683e+04  -2.69e+05  -2.03e+05  7.146e+04  -6.17e+04 -1.945e+05  9.977e+04  9.909e+04  8.532e+04  7.996e+04 -5.688e+04  7.256e+04 -1.174e+05  -1.86e+05  -1.86e+05 -2.959e+04 -4.875e+04  2.258e+05  -5.36e+04 -4.485e+04  2.236e+04  1.113e+05  1.182e+05  1.705e+05  1.079e+05  2.196e+05 -1.138e+05  1.836e+05  1.867e+05  1.276e+05 -7.774e+04  1.349e+05   1.46e+04 -2.529e+05   1.59e+05  1.816e+05  3.588e+04 -5.074e+05 -2.208e+05 -1.018e+05   2.03e+04 -6.323e+04  9.589e+04    3.7e+04 -3.779e+05 -8.042e+04  5.596e+04  2.377e+05 -2.963e+05       2425 -5.873e+04      -4332 -3.042e+05 -3.426e+05 -5.099e+05 -3.185e+05 -7.312e+05 -5.558e+05 -6.948e+05 -9.562e+07  -8.02e+06  1.151e+05  1.195e+05  1.076e+05  7.392e+04  1.401e+05 -6.648e+04  1.165e+05  3.742e+04  1.211e+05  2.178e+05  8.779e+04 -9.323e+04       1307  4.525e+04 -1.286e+05  1.911e+05  1.308e+05  6.962e+04  3.082e+04  6.606e+04  8.407e+04
  1.657e+04  1.572e+05  2.372e+05 -1.244e+05  4.846e+04  2.443e+04   2.49e+05  1.502e+05  7.622e+04  3.173e+04  3.862e+04  1.347e+05   1.65e+05      -7014 -7.179e+04  6.472e+04  1.463e+05  3.496e+04 -2.085e+05  9.377e+04 -5.892e+04  2.563e+05  4.677e+04  3.615e+04 -2.053e+04  5.624e+04  1.063e+05  5.396e+04  8.482e+04      -3739 -3.745e+04   6.39e+04  1.746e+05  2.999e+04 -6.112e+04 -2.958e+05 -4.265e+04  1.519e+05  1.676e+05      -2359    6.7e+04 -1.954e+04  5.236e+04   1.66e+04  1.226e+05  1.776e+05 -1.368e+05 -3.741e+05 -2.888e+05  2.778e+05  1.089e+05 -2.861e+04  2.181e+05  2.112e+05  4.282e+04  8.867e+04 -1.004e+05 -1.729e+05 -4.705e+05 -2.788e+05 -2.714e+05 -5.154e+05 -5.787e+05 -1.072e+06  -8.02e+06 -1.142e+08  6.186e+04  7.423e+04  1.002e+05  1.234e+05  8.283e+04      207.7  1.559e+05  1.867e+05  1.033e+05  2.729e+05  6.395e+04  7.272e+04  1.538e+05  9.138e+04  1.848e+05  1.089e+05  1.979e+05  2.164e+04  6.878e+04  4.437e+04  5.036e+04
 -7.437e+04 -1.772e+05 -3.005e+04  2.016e+04  3.264e+04  3.941e+04  3.381e+04 -7.662e+04 -6.137e+04      -7061  3.916e+04  2.378e+04  3.224e+04  6.579e+04  3.348e+04  7.335e+04  6.184e+04  7.368e+04  7.423e+04  9.439e+04  6.964e+04 -2.221e+04      -5245  3.947e+04   3.06e+04  6.315e+04 -1.027e+04  2.671e+04  2.347e+04  3.335e+04  5.091e+04  5.544e+04  3.953e+04  6.748e+04  5.926e+04  7.005e+04  1.157e+05  1.986e+04  7.526e+04  7.159e+04  7.531e+04  1.303e+05  7.362e+04  7.937e+04   5.01e+04  8.101e+04  6.941e+04  6.367e+04  7.321e+04  1.044e+05  6.497e+04  6.984e+04 -8.905e+05  1.431e+04  2.613e+04       1001  4.895e+04  4.338e+04  6.142e+04  5.054e+04  5.728e+04  3.582e+04  8.899e+04  6.314e+04  1.151e+05  6.186e+04  -2.36e+06       8067 -2.614e+05 -6.882e+04 -3.267e+04 -1.147e+04 -5.277e+04  -3.45e+04 -6.114e+04 -5.228e+04 -1.025e+05 -1.027e+05  1.855e+04  -1.62e+04       2555 -2.308e+04 -1.289e+04      116.8      -4298  3.787e+04  1.059e+04
  2.545e+04  1.934e+04  4.698e+04  6.073e+04  6.077e+04  9.017e+04  1.024e+05  4.546e+04  5.595e+04  6.288e+04  4.941e+04  7.775e+04  6.314e+04  7.095e+04  5.382e+04  8.703e+04  7.127e+04  5.534e+04  6.998e+04  4.766e+04  9.533e+04       1427  4.469e+04  5.591e+04  5.092e+04  7.434e+04  6.538e+04  6.343e+04  7.676e+04  3.346e+04  8.114e+04  5.794e+04  6.279e+04  6.435e+04  1.866e+04  9.602e+04  4.844e+04  6.934e+04  6.509e+04  8.151e+04  6.729e+04  8.937e+04  1.182e+05  7.753e+04  6.785e+04  8.365e+04  7.664e+04  8.636e+04  5.503e+04  1.031e+05  6.765e+04  7.271e+04  4.983e+04  4.328e+04  4.534e+04  3.919e+04  5.635e+04  4.206e+04  2.354e+04  4.208e+04  6.272e+04  8.754e+04  5.105e+04  4.694e+04  1.195e+05  7.423e+04       8067 -4.067e+06 -7.514e+05 -1.332e+05 -5.573e+04 -4.775e+04 -1.494e+05 -8.368e+04 -6.765e+04 -2.933e+04 -6.016e+04  -4.33e+04 -9.399e+04 -4.411e+04 -1.901e+04  -4.17e+04 -1.123e+04   4.22e+04  3.872e+04  4.412e+04  4.216e+04
      -6324 -3.879e+04    1.1e+04   3.62e+04  5.882e+04  1.039e+05  9.431e+04       5277  -2.03e+04  1.486e+04  7.322e+04  3.227e+04  3.474e+04  8.889e+04  7.989e+04  7.332e+04       1982  3.596e+04  5.801e+04  1.073e+05  1.053e+05  2.116e+04  1.896e+04   6.61e+04  4.866e+04  9.383e+04    5.1e+04  4.858e+04   7.44e+04  4.612e+04  1.118e+05  5.782e+04  9.167e+04  1.002e+05   5.33e+04  1.212e+05  9.628e+04  7.739e+04  6.695e+04  1.345e+05   2.16e+04  2.335e+04  1.413e+05  5.799e+04  7.981e+04  8.286e+04  1.066e+05  1.514e+05  1.656e+04  6.634e+04  6.462e+04  6.675e+04 -9.581e+04  6.224e+04  5.167e+04  2.692e+04  5.593e+04  2.534e+04  3.385e+04  5.255e+04  8.799e+04  8.816e+04  7.875e+04  6.134e+04  1.076e+05  1.002e+05 -2.614e+05 -7.514e+05 -7.481e+06 -2.795e+05 -1.363e+05 -9.409e+04 -5.931e+05 -1.553e+05 -2.787e+05 -2.673e+05 -1.915e+05 -2.597e+05 -2.193e+05 -1.582e+05  -1.16e+05 -1.716e+05 -2.009e+05  1.766e+04  1.924e+04  3.244e+04  1.069e+04
 -7.666e+04      -9311  9.876e+04  9.293e+04  8.145e+04  7.564e+04  8.159e+04  6.405e+04 -4.238e+04  2.861e+04  5.184e+04  8.698e+04  4.675e+04  6.476e+04  5.322e+04  6.147e+04  1.772e+05  8.145e+04  2.972e+04  5.545e+04  1.566e+05  -1.15e+05 -1.298e+04       5151  2.617e+04       3911  5.285e+04  4.251e+04   5.41e+04  1.059e+05  2.206e+04  5.258e+04  1.082e+05  1.039e+05  9.265e+04  1.137e+05  7.697e+04  4.642e+04  3.883e+04  6.677e+04  1.492e+05  1.064e+05  1.337e+05  5.602e+04  2.264e+04  5.926e+04  7.485e+04  1.855e+05 -1.906e+04  1.428e+05  6.051e+04  5.689e+04   2.22e+04  3.656e+04  6.116e+04  1.336e+04  6.778e+04  1.054e+04  5.708e+04  2.606e+04  1.949e+04 -1.176e+04  6.992e+04  4.834e+04  7.392e+04  1.234e+05 -6.882e+04 -1.332e+05 -2.795e+05 -1.744e+07 -6.939e+05 -1.113e+06 -2.221e+06 -1.892e+05 -1.379e+05 -2.449e+05 -2.807e+05 -1.968e+05 -2.659e+05 -2.238e+05 -2.987e+05 -7.871e+04 -1.668e+05  1.597e+04  3.578e+04       8709   1.73e+04
  5.015e+04        480  4.164e+04  4.599e+04  6.348e+04  8.337e+04 -1.875e+04  1.156e+05  6.285e+04  3.432e+04  5.906e+04  5.627e+04   2.71e+04  6.949e+04  8.358e+04  7.934e+04  9.727e+04  7.355e+04  9.963e+04  6.609e+04  1.132e+05  -7.05e+04   3.53e+04  4.253e+04  3.059e+04  2.723e+04  2.625e+04  3.601e+04  5.948e+04  5.525e+04   1.19e+05   7.43e+04  4.286e+04   1.04e+05  4.377e+04   7.75e+04  1.246e+05  5.575e+04   6.69e+04  5.036e+04  9.401e+04  5.159e+04  4.622e+04  6.802e+04  4.856e+04  7.033e+04  7.478e+04   6.79e+04  5.722e+04  4.418e+04  5.723e+04  6.412e+04       5085 -1.003e+04  3.687e+04  3.318e+04  4.117e+04  3.802e+04  6.684e+04  3.144e+04    6.4e+04  2.234e+04  1.423e+04  6.333e+04  1.401e+05  8.283e+04 -3.267e+04 -5.573e+04 -1.363e+05 -6.939e+05 -7.378e+06 -1.829e+05 -2.247e+05 -2.079e+05 -2.123e+05 -2.987e+05 -2.498e+05 -2.333e+05 -2.779e+05 -1.846e+05 -1.967e+05   -2.2e+05 -2.104e+05  2.529e+04  3.936e+04  3.502e+04  3.676e+04
  4.943e+04  5.092e+04  6.884e+04  9.152e+04  8.531e+04  4.591e+04  3.029e+04  7.895e+04  3.749e+04  6.344e+04  6.838e+04  4.937e+04  5.764e+04  1.151e+05  5.257e+04  8.713e+04  7.272e+04  9.781e+04  5.763e+04  8.852e+04  1.105e+05  5.184e+04  9.291e+04  3.055e+04  5.516e+04  4.932e+04  5.516e+04  4.364e+04  6.403e+04  3.171e+04  8.986e+04  4.549e+04  8.867e+04  7.187e+04  9.995e+04  9.717e+04  5.716e+04  8.256e+04   5.49e+04  1.024e+05  9.214e+04  9.284e+04  8.506e+04  6.996e+04   7.09e+04  8.512e+04   5.03e+04  1.094e+05   1.51e+05  7.062e+04  6.751e+04  7.662e+04   8.41e+04       7757  4.541e+04  2.921e+04  5.762e+04  3.917e+04 -8.204e+04  4.589e+04  4.565e+04      -5738  2.509e+04  2.624e+04 -6.648e+04      207.7 -1.147e+04 -4.775e+04 -9.409e+04 -1.113e+06 -1.829e+05 -6.665e+06 -2.945e+05 -2.259e+05  -1.72e+05   -2.5e+05 -2.074e+05 -2.264e+05 -2.267e+05 -8.431e+04 -2.301e+05 -1.616e+05 -2.346e+05  5.736e+04    4.5e+04  3.121e+04       8875
 -3.675e+04  2.058e+04  6.085e+04  4.709e+04  8.473e+04  1.071e+05  1.486e+05  4.771e+04 -1.051e+05  8.069e+04   8.83e+04  2.102e+04  6.989e+04  5.994e+04  5.052e+04  1.142e+05 -4.377e+04  9.095e+04  1.515e+04  1.595e+05  7.084e+04  4.823e+04  8.037e+04  8.849e+04  6.169e+04  7.121e+04       1272  7.614e+04  5.871e+04  4.126e+04  4.768e+04   1.97e+04  8.582e+04  8.378e+04  9.201e+04  1.326e+05  3.371e+04  6.047e+04  1.506e+05  7.855e+04      6e+04  1.116e+05  1.223e+05  4.506e+04  1.089e+05  1.459e+05  1.444e+04  1.432e+05  7.337e+04   1.05e+04 -8.868e+04  7.443e+04  3.237e+04       9018  4.922e+04  3.604e+04   7.76e+04   2.01e+04   1.52e+04  9.377e+04  2.956e+04 -2.438e+05  8.803e+04  8.686e+04  1.165e+05  1.559e+05 -5.277e+04 -1.494e+05 -5.931e+05 -2.221e+06 -2.247e+05 -2.945e+05 -1.796e+07   -5.1e+05 -2.113e+05 -2.408e+05 -4.076e+05 -4.015e+05 -5.632e+05 -1.961e+05 -2.838e+05 -2.214e+05 -1.098e+06  2.656e+04  2.124e+04  5.412e+04  4.559e+04
  5.916e+04  3.359e+04  7.283e+04  8.473e+04  4.815e+04       7074 -1.087e+05  9.193e+04 -7.824e+04      -1628  6.612e+04  9.055e+04  1.366e+04  2.394e+04  1.522e+04  1.232e+05  6.612e+04  9.149e+04 -4.002e+04  6.221e+04   1.34e+05  2.856e+04  1.197e+04  5.505e+04  5.801e+04  7.038e+04  6.906e+04  6.613e+04  1.038e+05  5.942e+04  6.361e+04  4.476e+04  7.862e+04  5.409e+04  9.173e+04  1.064e+05  1.394e+05  7.285e+04  9.442e+04  8.414e+04  8.569e+04  1.527e+05  7.783e+04  7.833e+04  3.367e+04  8.257e+04  7.365e+04  1.215e+05  1.578e+04  1.514e+05  1.833e+04  1.088e+05  7.543e+04  5.534e+04  7.354e+04  3.512e+04  4.948e+04  1.535e+04  1.319e+04  3.788e+04  6.976e+04       3729  1.008e+05  6.722e+04  3.742e+04  1.867e+05  -3.45e+04 -8.368e+04 -1.553e+05 -1.892e+05 -2.079e+05 -2.259e+05   -5.1e+05 -1.319e+07 -3.542e+05 -6.752e+05 -4.821e+05 -4.479e+05 -8.869e+05 -1.614e+05 -2.297e+05 -1.722e+05 -2.489e+05  6.178e+04  2.163e+04  3.207e+04  3.854e+04
  7.205e+04  1.087e+05  6.326e+04  4.817e+04  7.141e+04  9.072e+04 -4.297e+04  7.587e+04   5.87e+04  1.951e+04  6.473e+04  2.393e+04  2.096e+04  6.588e+04  7.415e+04  7.448e+04  1.669e+05 -5.106e+04       4053 -1.702e+05 -2.851e+04  1.798e+05  1.485e+05       8633  1.388e+04  2.282e+04  6.865e+04  4.835e+04  1.825e+04  1.479e+04  1.106e+05  4.344e+04  6.232e+04  9.566e+04      -6242  6.438e+04   6.78e+04  2.933e+04  6.556e+04  4.135e+04  7.426e+04  1.444e+05  7.686e+04  7.436e+04  1.431e+05  3.117e+04  1.466e+05  1.924e+05  3.842e+04  2.222e+05  8.345e+04  9.264e+04  1.881e+04  2.914e+04  4.914e+04  4.514e+04  7.132e+04  2.356e+04  3.204e+04       9863  7.025e+04  9.441e+04 -4.243e+04 -5.069e+04  1.211e+05  1.033e+05 -6.114e+04 -6.765e+04 -2.787e+05 -1.379e+05 -2.123e+05  -1.72e+05 -2.113e+05 -3.542e+05 -2.327e+07 -2.673e+06 -5.518e+05 -4.705e+05 -1.798e+05 -1.794e+05 -2.662e+05 -4.505e+05 -4.011e+05  4.498e+04   4.02e+04  2.147e+04  3.296e+04
 -3.475e+04  5.325e+04      -4861    2.6e+04   4.86e+04 -2.014e+04  3.846e+04  -8.84e+04  1.457e+05   3.75e+04  8.556e+04  2.574e+04  1.561e+04   2.99e+04      -2003  1.332e+05 -2.976e+04    1.9e+04  1.865e+05  1.492e+05   8.04e+04 -2.246e+05      -3939      -7709  2.369e+04 -3.818e+04  5.964e+04    8.5e+04  5.706e+04  5.253e+04  3.418e+04  7.762e+04  8.965e+04  6.337e+04  6.735e+04  2.038e+05  1.018e+04  3.113e+04  9.606e+04  1.105e+05   1.09e+05  1.742e+05 -3.306e+04  5.526e+04 -2.551e+04   -1.4e+05  1.614e+05  1.244e+05  3.928e+04  2.168e+05 -1.495e+04   9.01e+04  1.532e+05  7.153e+04  4.759e+04  3.112e+04  5.955e+04  4.514e+04 -2.656e+04 -1.278e+05  5.437e+04 -4.922e+04  1.473e+05 -1.171e+04  2.178e+05  2.729e+05 -5.228e+04 -2.933e+04 -2.673e+05 -2.449e+05 -2.987e+05   -2.5e+05 -2.408e+05 -6.752e+05 -2.673e+06  -5.55e+07 -8.606e+05  -9.35e+05 -3.386e+05 -6.044e+05 -5.942e+05 -2.633e+05 -1.161e+05  7.203e+04  2.771e+04  2.981e+04 -2.138e+04
  1.269e+05  1.479e+04  2.629e+04   3.54e+04  7.707e+04 -2.449e+04  1.324e+04 -2.179e+04 -2.062e+04  2.627e+04  1.054e+05  4.292e+04  1.561e+04  4.721e+04  9.916e+04  -7.22e+04 -8.143e+04  2.262e+04 -1.089e+04 -3.345e+04  4.437e+04 -8.554e+04  1.104e+05  5.936e+04 -1.576e+04  3.323e+04  6.022e+04  4.349e+04  2.385e+04  2.658e+04  3.433e+04  2.204e+04  4.827e+04  8.819e+04 -1.059e+04  1.066e+05  1.412e+05   3.56e+04 -1.804e+04       3283  1.001e+05  3.158e+04  6.682e+04 -4.272e+04 -7.218e+04  3.098e+04  1.972e+04  3.283e+04  8.071e+04   2.73e+05  6.751e+04  6.736e+04  1.225e+05  1.206e+04   3.89e+04   3.14e+04   3.71e+04  4.861e+04  1.067e+04       5898  7.621e+04       1171  5.413e+04 -1.398e+04  8.779e+04  6.395e+04 -1.025e+05 -6.016e+04 -1.915e+05 -2.807e+05 -2.498e+05 -2.074e+05 -4.076e+05 -4.821e+05 -5.518e+05 -8.606e+05 -2.781e+07 -1.085e+06 -1.916e+05 -2.332e+05 -1.803e+05 -1.726e+05 -3.541e+05  5.342e+04  1.636e+04  3.618e+04  4.104e+04
        150  2.688e+04  1.752e+04  6.518e+04      -1146 -6.842e+04 -8.093e+04 -7.825e+04 -4.324e+04      -3106    2.7e+04   2.61e+04  3.236e+04  6.052e+04   6.33e+04  7.239e+04  3.342e+04 -1.583e+04 -1.543e+04   1.05e+05  1.336e+05 -3.329e+05  3.888e+04 -4.629e+04 -1.248e+04  4.363e+04  2.055e+04   3.85e+04       3156  1.626e+04  6.094e+04 -5.556e+04  3.044e+04  1.355e+04  5.839e+04  1.281e+05 -7.854e+04   3.43e+04 -1.593e+04      -2123  6.278e+04 -3.596e+04  4.232e+04 -2.674e+04  1.055e+05  2.174e+04 -6.463e+04 -1.133e+05      -8480  1.346e+05  4.895e+04  2.772e+04       5339 -2.176e+04       4651 -1.274e+04  3.069e+04      243.9      -8837  2.901e+04  2.806e+04      -1493  3.983e+04 -4.799e+04 -9.323e+04  7.272e+04 -1.027e+05  -4.33e+04 -2.597e+05 -1.968e+05 -2.333e+05 -2.264e+05 -4.015e+05 -4.479e+05 -4.705e+05  -9.35e+05 -1.085e+06 -2.737e+07 -3.079e+05 -2.978e+05 -2.569e+05 -2.754e+05 -3.825e+05  3.657e+04   2.32e+04  4.387e+04  1.264e+04
  3.663e+04  3.728e+04  7.004e+04  3.882e+04       8553  5.963e+04   1.22e+05  2.493e+04  2.217e+04 -1.099e+04  5.216e+04  6.355e+04 -1.162e+04  3.419e+04  3.817e+04  1.356e+05  1.621e+05       6079  1.279e+05  8.025e+04  6.617e+04  8.657e+04       8233  5.372e+04  5.961e+04  7.005e+04  4.184e+04  7.129e+04  1.029e+05  1.841e+04 -2.463e+04 -1.258e+04  5.781e+04  8.777e+04  1.011e+05  3.921e+04  3.291e+04  5.566e+04  8.764e+04  1.239e+05  1.434e+05  5.135e+04  3.817e+04    1.4e+05  3.429e+04  1.013e+05  1.124e+05  1.082e+05  9.724e+04  8.418e+04  6.558e+04  8.086e+04  7.291e+04  7.936e+04  5.035e+04  5.701e+04  7.166e+04  5.011e+04  1.039e+05  2.731e+04       8315  6.129e+04  1.449e+04  2.427e+04       1307  1.538e+05  1.855e+04 -9.399e+04 -2.193e+05 -2.659e+05 -2.779e+05 -2.267e+05 -5.632e+05 -8.869e+05 -1.798e+05 -3.386e+05 -1.916e+05 -3.079e+05 -1.853e+07 -3.529e+05 -9.709e+05 -2.405e+05 -3.716e+05   4.61e+04   5.51e+04   6.92e+04  2.852e+04
  4.313e+04  2.985e+04  7.796e+04  7.862e+04  1.041e+04 -1.287e+04  1.172e+04  7.021e+04  7.244e+04 -5.351e+04  6.216e+04  4.102e+04  3.353e+04  9.377e+04  1.697e+05  2.342e+04 -1.832e+04  2.243e+04  5.166e+04  9.302e+04  1.127e+05   2.37e+05  6.392e+04  6.553e+04  4.252e+04  4.888e+04  1.327e+04  8.148e+04  5.366e+04  2.189e+04   1.01e+05  3.147e+04  9.463e+04  6.647e+04  4.176e+04       6284 -2.485e+04  6.679e+04  5.685e+04  7.721e+04  6.938e+04 -3.774e+04  1.581e+04  2.506e+04  1.169e+05  1.013e+05  8.627e+04  1.604e+05 -4.429e+04 -2.932e+04  5.581e+04  8.461e+04  1.288e+05      -1123  3.677e+04   5.18e+04  6.767e+04  6.658e+04      -9465  -2.32e+04  6.915e+04  2.618e+04 -2.548e+04   1.16e+05  4.525e+04  9.138e+04  -1.62e+04 -4.411e+04 -1.582e+05 -2.238e+05 -1.846e+05 -8.431e+04 -1.961e+05 -1.614e+05 -1.794e+05 -6.044e+05 -2.332e+05 -2.978e+05 -3.529e+05 -1.646e+07 -9.929e+05 -2.803e+05 -3.272e+05  5.093e+04  5.162e+04  5.109e+04  5.053e+04
  7.519e+04  9.035e+04  6.901e+04       7808       2525  1.072e+05  1.666e+05  9.254e+04   1.39e+05 -9.992e+04  7.581e+04  6.314e+04  1.749e+04  9.903e+04  1.584e+05   1.16e+05  1.566e+05 -4.255e+04 -1.805e+04  9.809e+04  9.578e+04  1.719e+05  1.531e+05  4.935e+04   1.03e+05  5.479e+04  5.995e+04  8.493e+04  7.562e+04  7.106e+04  9.429e+04  5.288e+04  1.403e+05  8.226e+04  1.422e+04 -3.885e+04  8.586e+04  1.245e+05  5.265e+04  7.426e+04  8.465e+04 -1.876e+05  9.133e+04   7.06e+04  1.949e+05  1.377e+05 -2.584e+04  1.767e+05  1.229e+04  3.853e+04       2895  8.623e+04  1.335e+05  1.279e+05  6.589e+04  7.076e+04  5.891e+04  7.715e+04  1.461e+05 -2.145e+04  5.552e+04  8.367e+04  5.479e+04  1.401e+05 -1.286e+05  1.848e+05       2555 -1.901e+04  -1.16e+05 -2.987e+05 -1.967e+05 -2.301e+05 -2.838e+05 -2.297e+05 -2.662e+05 -5.942e+05 -1.803e+05 -2.569e+05 -9.709e+05 -9.929e+05 -2.351e+07 -6.101e+05 -3.773e+05  5.401e+04   2.88e+04 -1.333e+04  5.856e+04
 -5.569e+04 -3.472e+04      -1441  1.031e+05  6.631e+04 -2.376e+04 -1.017e+05 -6.842e+04 -4.059e+04 -6.093e+04   6.58e+04  8.861e+04  9.183e+04  3.955e+04  1.997e+05  8.829e+04   -2.9e+05 -4.607e+04  1.511e+04  1.272e+05  1.903e+04  7.332e+04  1.608e+04   6.41e+04  6.101e+04  3.498e+04  7.667e+04  8.316e+04  3.366e+04  6.438e+04  1.225e+05   8.54e+04  6.868e+04  3.309e+04  7.901e+04      -3428  7.935e+04  1.141e+05   1.11e+05  9.857e+04  1.446e+05 -6.977e+04  1.013e+05  8.105e+04  9.449e+04  9.803e+04 -5.618e+04 -1.601e+04 -3.531e+04  8.529e+04  5.204e+04    6.4e+04  2.278e+04      -1452  4.896e+04      -4217  8.266e+04  8.629e+04  8.801e+04  4.645e+04  7.195e+04  6.714e+04  1.014e+05  6.879e+04  1.911e+05  1.089e+05 -2.308e+04  -4.17e+04 -1.716e+05 -7.871e+04   -2.2e+05 -1.616e+05 -2.214e+05 -1.722e+05 -4.505e+05 -2.633e+05 -1.726e+05 -2.754e+05 -2.405e+05 -2.803e+05 -6.101e+05 -3.955e+07 -1.965e+06  4.372e+04  4.742e+04  6.521e+04  1.265e+04
  4.879e+04  8.703e+04  8.411e+04  3.481e+04  1.066e+05  2.189e+05  1.349e+05 -6.931e+04  1.065e+05  2.995e+04  5.333e+04  1.379e+05  7.598e+04  9.667e+04  1.125e+05  1.859e+05  2.334e+05  -8.72e+04 -2.241e+04  3.336e+04 -1.251e+05  8.816e+04  1.738e+05  5.271e+04  7.636e+04  4.581e+04  6.945e+04  9.795e+04   1.51e+05  2.943e+04  1.426e+05  8.918e+04  1.611e+05  6.068e+04  6.914e+04      -6402 -7.176e+04  1.167e+05  1.777e+05  5.611e+04   1.51e+04 -2.739e+05  8.295e+04 -8.042e+04  2.001e+05  1.233e+05  9.342e+04  7.279e+04       2159  -3.86e+04  -1.88e+05  1.245e+05  2.055e+05  4.262e+04   5.34e+04  7.832e+04  6.134e+04  1.063e+05  7.397e+04  7.988e+04  2.598e+04 -4.132e+05  4.454e+04       8315  1.308e+05  1.979e+05 -1.289e+04 -1.123e+04 -2.009e+05 -1.668e+05 -2.104e+05 -2.346e+05 -1.098e+06 -2.489e+05 -4.011e+05 -1.161e+05 -3.541e+05 -3.825e+05 -3.716e+05 -3.272e+05 -3.773e+05 -1.965e+06 -3.653e+07  9.715e+04  5.576e+04  7.085e+04       5981
 -1.173e+06  -1.46e+05 -2.181e+04  2.216e+04  2.156e+04   4.23e+04  5.822e+04  -5.88e+04 -5.507e+04 -2.912e+04  2.789e+04  2.222e+04       2662   5.57e+04   2.89e+04  7.196e+04  5.011e+04  4.117e+04  1.974e+04  5.094e+04   6.24e+04 -8.064e+04 -3.211e+04  1.919e+04   3.56e+04  4.485e+04       9314  2.826e+04  1.522e+04  1.489e+04 -1.022e+04  2.477e+04   3.05e+04  5.801e+04  3.344e+04  3.909e+04  4.454e+04       1756  5.328e+04  4.743e+04  5.918e+04  7.188e+04  5.662e+04  6.468e+04  5.794e+04  3.796e+04  6.715e+04  5.097e+04  2.548e+04  7.204e+04  4.287e+04  4.805e+04 -1.836e+05      -9712  2.299e+04   1.36e+04  4.113e+04  2.525e+04  1.869e+04  3.435e+04  4.058e+04  5.633e+04   4.35e+04  4.765e+04  6.962e+04  2.164e+04      116.8   4.22e+04  1.766e+04  1.597e+04  2.529e+04  5.736e+04  2.656e+04  6.178e+04  4.498e+04  7.203e+04  5.342e+04  3.657e+04   4.61e+04  5.093e+04  5.401e+04  4.372e+04  9.715e+04 -2.009e+06  5.898e+04  3.592e+04  2.507e+04
 -6.681e+05 -5.219e+04  1.371e+04  3.722e+04  3.584e+04  3.286e+04  2.709e+04 -1.198e+04 -1.387e+04      -7204  3.632e+04  3.237e+04  2.394e+04  3.982e+04  2.755e+04  4.913e+04  3.761e+04  4.479e+04  7.601e+04  5.753e+04   6.68e+04 -8.874e+04      -7736  2.081e+04  3.873e+04  4.322e+04       3215  2.384e+04  1.633e+04  4.659e+04  3.836e+04   3.76e+04   5.57e+04  5.566e+04  4.948e+04  6.023e+04  7.448e+04  1.302e+04  4.873e+04   6.38e+04  8.058e+04  3.773e+04  5.948e+04  6.915e+04  7.495e+04  7.005e+04  6.137e+04  7.579e+04  6.574e+04   7.05e+04  4.925e+04  5.349e+04 -6.222e+04  -2.33e+04  2.434e+04       4271  4.937e+04  2.637e+04  3.171e+04      4e+04  5.396e+04  5.943e+04  5.054e+04  6.176e+04  3.082e+04  6.878e+04      -4298  3.872e+04  1.924e+04  3.578e+04  3.936e+04    4.5e+04  2.124e+04  2.163e+04   4.02e+04  2.771e+04  1.636e+04   2.32e+04   5.51e+04  5.162e+04   2.88e+04  4.742e+04  5.576e+04  5.898e+04 -1.377e+06 -3.128e+04 -1.364e+05
       8856  3.564e+04  5.191e+04  4.583e+04  3.303e+04  6.622e+04  5.975e+04  4.317e+04  1.706e+04  3.819e+04  3.594e+04  5.641e+04    4.2e+04  6.598e+04  6.138e+04  3.679e+04  6.294e+04  2.262e+04  3.873e+04  1.282e+04  1.084e+05 -3.737e+04  6.481e+04  4.586e+04  4.304e+04  5.068e+04   6.26e+04  4.286e+04  4.631e+04  4.926e+04  5.158e+04  6.832e+04  6.886e+04  4.623e+04  6.268e+04  9.896e+04  5.653e+04   5.46e+04  6.125e+04  6.531e+04  7.529e+04  8.322e+04  8.885e+04  7.169e+04  5.015e+04  9.128e+04  3.366e+04  8.335e+04  4.671e+04  1.337e+05  5.209e+04  5.797e+04  1.485e+04  4.988e+04  5.185e+04  3.069e+04  4.921e+04  4.789e+04  2.721e+04      -3262  1.425e+04  1.594e+04  4.802e+04  3.262e+04  6.606e+04  4.437e+04  3.787e+04  4.412e+04  3.244e+04       8709  3.502e+04  3.121e+04  5.412e+04  3.207e+04  2.147e+04  2.981e+04  3.618e+04  4.387e+04   6.92e+04  5.109e+04 -1.333e+04  6.521e+04  7.085e+04  3.592e+04 -3.128e+04 -2.789e+06  -4.69e+05
 -7.637e+04  4.857e+04  5.579e+04  4.381e+04  6.407e+04  4.525e+04  4.373e+04  5.229e+04  3.498e+04  1.665e+04  5.385e+04  5.025e+04  4.984e+04  8.723e+04  7.133e+04  3.247e+04  2.996e+04  4.125e+04   5.43e+04  5.789e+04  6.029e+04      -2709  6.009e+04  5.093e+04  3.242e+04  5.833e+04  6.371e+04  4.282e+04  6.413e+04  5.639e+04  6.365e+04  6.841e+04  6.946e+04  7.092e+04   7.78e+04  8.376e+04  9.556e+04  6.749e+04  5.468e+04  5.055e+04  8.417e+04  5.429e+04   6.72e+04  5.778e+04  6.131e+04  8.493e+04  8.017e+04  8.711e+04  1.703e+04  9.053e+04   5.29e+04  8.702e+04  1.964e+04  6.021e+04   5.02e+04  3.872e+04  6.656e+04  6.187e+04  2.661e+04  4.836e+04   3.71e+04  6.336e+04  6.515e+04  7.525e+04  8.407e+04  5.036e+04  1.059e+04  4.216e+04  1.069e+04   1.73e+04  3.676e+04       8875  4.559e+04  3.854e+04  3.296e+04 -2.138e+04  4.104e+04  1.264e+04  2.852e+04  5.053e+04  5.856e+04  1.265e+04       5981  2.507e+04 -1.364e+05  -4.69e+05 -3.183e+06
