
 45

((((t45: 0.044965, (t5: 0.008478, t17: 0.007623): 0.035430): 0.029838, (((t2: 0.054214, t39: 0.049233): 0.012023, (t9: 0.024823, (t10: 0.015283, (t15: 0.017487, (t40: 0.006960, t19: 0.007552): 0.009425): 0.002487): 0.015357): 0.038196): 0.004781, (((t20: 0.044782, t38: 0.046529): 0.029838, (t37: 0.114888, (t42: 0.034697, (t34: 0.039059, (t27: 0.029123, (t36: 0.006631, t12: 0.006292): 0.016995): 0.022348): 0.003939): 0.018085): 0.012662): 0.013399, (((t26: 0.014449, (t31: 0.016551, t35: 0.013097): 0.001641): 0.015351, ((t11: 0.018049, (t7: 0.007306, t6: 0.006807): 0.011956): 0.010417, t21: 0.031105): 0.007944): 0.022928, t32: 0.052820): 0.038333): 0.001812): 0.010227): 0.013571, ((t4: 0.116060, (t3: 0.050904, ((t41: 0.022467, t25: 0.022213): 0.004206, (t1: 0.012202, (t13: 0.002131, t44: 0.001786): 0.010826): 0.016120): 0.032941): 0.089758): 0.004602, (t14: 0.051045, ((t24: 0.029291, t18: 0.034750): 0.010141, ((t23: 0.010917, (t43: 0.009576, t8: 0.009878): 0.004149): 0.018741, (t30: 0.014573, (t22: 0.006294, t16: 0.006894): 0.009845): 0.011884): 0.011050): 0.024693): 0.086274): 0.001335): 0.006470, t33: 0.098477, (t28: 0.061346, t29: 0.051716): 0.120244);

  0.006470  0.013571  0.029838  0.044965  0.035430  0.008478  0.007623  0.010227  0.004781  0.012023  0.054214  0.049233  0.038196  0.024823  0.015357  0.015283  0.002487  0.017487  0.009425  0.006960  0.007552  0.001812  0.013399  0.029838  0.044782  0.046529  0.012662  0.114888  0.018085  0.034697  0.003939  0.039059  0.022348  0.029123  0.016995  0.006631  0.006292  0.038333  0.022928  0.015351  0.014449  0.001641  0.016551  0.013097  0.007944  0.010417  0.018049  0.011956  0.007306  0.006807  0.031105  0.052820  0.001335  0.004602  0.116060  0.089758  0.050904  0.032941  0.004206  0.022467  0.022213  0.016120  0.012202  0.010826  0.002131  0.001786  0.086274  0.051045  0.024693  0.010141  0.029291  0.034750  0.011050  0.018741  0.010917  0.004149  0.009576  0.009878  0.011884  0.014573  0.009845  0.006294  0.006894  0.098477  0.120244  0.061346  0.051716

 -0.020820  0.000000 -0.019217  0.079098 -0.101189 -0.335921 -0.368555 -0.117541 -0.521376 -0.139189 -0.011043 -0.115391  0.077371 -0.049982 -0.068793 -0.122689 -2.094922  0.060640 -0.282554 -0.342208 -0.369737 -2.283424 -0.124066 -0.163911 -0.044570  0.018911  0.042535  0.140966  0.000000 -0.082133 -0.364110 -0.057140 -0.042132 -0.039592 -0.043499 -0.477628 -0.584221  0.080725 -0.109254 -0.080259 -0.216891 -4.746613 -0.113375 -0.091928 -0.228686 -0.250017 -0.025157 -0.111589 -0.394097 -0.435918 -0.077903 -0.063028 -2.091519 -0.068370 -0.025034  0.083325 -0.027694 -0.045081 -0.576161 -0.069453 -0.070609 -0.114568 -0.184019 -0.216517 -4.952230 -6.916684 -0.075019 -0.016614 -0.155646 -0.141753  0.042979  0.048377 -0.157746 -0.028568 -0.183101 -1.094419 -0.186804 -0.323927 -0.101242 -0.174410 -0.327396 -0.517122 -0.302920  0.015897  0.178742  0.119558 -0.066415


Hessian

 -7.617e+06  -3.92e+05 -4.831e+04      -1601       8831  1.522e+04       1310 -1.488e+05 -1.134e+05 -1.143e+05  4.501e+04       2245       1575  4.586e+04      -2573  3.715e+04  1.163e+04  2.667e+04       7828  9.505e+04  5.937e+04 -2.096e+05 -6.474e+04  2.097e+04  1.982e+04  5.633e+04      -6983       6651 -3.365e+04   1.26e+04 -2.611e+04  4.945e+04  3.182e+04  3.623e+04  4.503e+04  4.219e+04  8.091e+04 -2.096e+04  4.975e+04  7.361e+04  2.619e+04  8.242e+04   7.57e+04  4.701e+04  6.847e+04  6.334e+04  7.253e+04  6.127e+04  7.477e+04  4.171e+04  3.658e+04  7.075e+04 -4.884e+05 -8.882e+04       7367 -1.078e+04  3.938e+04       6664   1.07e+04       7553  4.618e+04      -3175  3.931e+04  4.884e+04 -9.607e+04 -1.149e+04 -4.939e+04  1.421e+04 -1.038e+04 -6.007e+04  3.949e+04  3.771e+04 -1.445e+04  5.892e+04   4.97e+04 -4.365e+04  9.073e+04  3.462e+04  3.623e+04   3.14e+04  4.543e+04 -1.624e+04  2.212e+04 -7.597e+05 -4.269e+05       5881 -4.952e+04
  -3.92e+05 -8.818e+06 -9.529e+04 -3.574e+04 -2.419e+04 -3.707e+04 -5.541e+04 -8.906e+05 -3.064e+05 -2.004e+05 -4.399e+04 -3.024e+04 -6.811e+04 -5.029e+04 -2.262e+04 -4.659e+04 -1.888e+05 -4.366e+04  3.945e+04  2.338e+04       -374 -3.323e+05 -2.469e+05 -9.074e+04 -4.149e+04 -1.194e+04 -1.319e+05      -4083 -1.143e+05 -2.332e+04 -1.354e+05     -472.5 -1.834e+04      -4189 -5.536e+04  2.687e+04  3.086e+04 -1.008e+05 -4.348e+04      -6190 -1.282e+04 -3.299e+04 -5.643e+04       9815 -3.407e+04 -1.395e+04      -4847 -2.201e+04 -2.527e+04  1.691e+04  2.797e+04 -1.625e+04 -2.064e+06 -4.178e+05 -7.804e+04 -7.853e+04  5.418e+04  1.239e+04  6.641e+04  5.878e+04  4.851e+04  3.538e+04  9.735e+04  1.312e+04  8.597e+04  1.011e+05  -1.21e+05   1.66e+04 -1.824e+04       9785  2.092e+04    5.7e+04  2.884e+04  3.266e+04  9.496e+04  3.749e+04  2.465e+04  4.166e+04  3.482e+04   1.97e+04  6.319e+04 -3.506e+04  5.808e+04 -9.896e+04 -4.078e+04  2.758e+04  3.502e+04
 -4.831e+04 -9.529e+04 -4.576e+06 -1.459e+05 -2.199e+05 -9.206e+04 -1.043e+05 -4.544e+05 -1.901e+05 -1.253e+05      -9532  -4.53e+04 -6.828e+04 -1.259e+04 -2.033e+04       9501 -5.216e+04  1.191e+04  3.468e+04  6.592e+04      -3877 -2.223e+05 -1.006e+05 -3.937e+04     -634.4  1.945e+04 -5.871e+04       8588 -3.711e+04 -1.316e+04  -3.45e+04       3952 -1.214e+04       7635      -1408   7.83e+04  7.154e+04 -3.135e+04      -5168 -1.396e+04   7.34e+04 -2.399e+04    3.1e+04       9043      -8861  4.566e+04  2.829e+04      -9350  4.512e+04  3.142e+04  3.757e+04  1.489e+04 -5.775e+04 -1.228e+04  1.316e+04      950.1  1.232e+04  2.607e+04 -1.367e+04  2.478e+04  3.038e+04       9388  5.222e+04  5.759e+04  1.385e+05  1.538e+05 -2.904e+04  3.019e+04       4451  7.841e+04  2.774e+04  6.688e+04  4.143e+04  5.706e+04  4.907e+04  2.082e+04  2.971e+04       4359  5.637e+04  5.476e+04  5.761e+04      -7513  6.582e+04 -1.524e+04       7607  4.173e+04  3.401e+04
      -1601 -3.574e+04 -1.459e+05 -3.288e+06 -1.508e+05 -8.845e+04 -9.368e+04 -3.322e+04 -8.862e+04 -2.121e+04  1.188e+04     -546.5 -2.149e+04      -8868      -9139  4.028e+04      -6896  2.149e+04 -1.972e+04  3.348e+04       4631 -8.093e+04 -1.789e+04 -1.455e+04  2.461e+04  3.271e+04  1.539e+04  2.292e+04  1.324e+04       4279  1.513e+04   2.75e+04  2.821e+04  2.374e+04        641  7.099e+04       6838      -2911 -1.603e+04  2.926e+04  3.853e+04 -5.968e+04 -1.406e+04       4277  2.699e+04  1.483e+04      -4051       9169  2.383e+04  1.877e+04  1.918e+04  2.229e+04  3.513e+04  1.035e+04  2.761e+04  1.883e+04  4.437e+04  3.533e+04  4.859e+04   1.69e+04  4.078e+04  4.967e+04  5.622e+04  3.117e+04  5.218e+04 -9.519e+04  1.208e+04  3.997e+04  1.595e+04  7.239e+04  3.266e+04  6.623e+04   2.91e+04  4.694e+04  3.918e+04  2.513e+04  3.192e+04   5.64e+04  4.866e+04  4.486e+04  2.796e+04  7.274e+04       9701  1.625e+04  2.545e+04  2.919e+04   3.11e+04
       8831 -2.419e+04 -2.199e+05 -1.508e+05 -4.113e+06 -3.718e+04 -8.218e+04 -6.021e+04 -5.202e+04 -9.379e+04       2885 -2.587e+04      -4061  1.655e+04      -3176  1.015e+04  1.784e+04       5825      -1729  3.965e+04  6.016e+04 -5.105e+04 -4.184e+04      -1253  1.304e+04  2.896e+04 -3.398e+04  2.319e+04      -6984  1.147e+04 -4.694e+04   1.33e+04  1.456e+04  5.045e+04  3.459e+04   5.06e+04      409.1 -1.663e+04  3.858e+04      -1474      -6048 -7.791e+04  5.505e+04  4.169e+04       5845  1.761e+04  3.439e+04  2.285e+04  1.468e+04  6.218e+04  4.234e+04  2.948e+04  1.477e+04       5420  3.228e+04  1.944e+04  3.957e+04    2.5e+04  3.341e+04  4.015e+04  5.061e+04  4.118e+04  3.509e+04  2.633e+04 -2.473e+04  2.308e+04  2.316e+04  4.065e+04  3.832e+04  5.262e+04  4.859e+04  6.477e+04  6.818e+04  2.781e+04   5.63e+04  2.318e+04  5.173e+04       7881       8440       3694      5e+04  8.103e+04  6.335e+04  1.173e+04  1.917e+04  3.321e+04  4.354e+04
  1.522e+04 -3.707e+04 -9.206e+04 -8.845e+04 -3.718e+04 -1.871e+07   -2.9e+06 -4.888e+04 -1.735e+05 -5.623e+04  2.424e+04  -2.42e+04 -3.041e+04  3.575e+04  1.499e+04 -4.238e+04 -8.503e+04 -8.406e+04 -4.081e+04 -4.792e+04  2.478e+04 -7.161e+04 -1.451e+05      -7914  3.855e+04       1307 -7.844e+04   4.41e+04 -4.578e+04 -1.474e+04 -1.168e+05       9755 -4.334e+04     -948.7  5.959e+04  3.358e+04 -5.835e+04  3.859e+04 -3.008e+04 -1.829e+04 -2.454e+04  -1.29e+05 -4.652e+04  -7.59e+04 -5.401e+04  5.024e+04 -2.659e+04 -6.024e+04  4.312e+04      -8950  -2.75e+04  3.199e+04  5.145e+04 -1.555e+04  1.208e+04  3.741e+04  3.615e+04  2.409e+04 -4.294e+04  3.047e+04 -1.833e+04  2.171e+04     -717.9 -4.741e+04 -1.018e+05 -4.545e+04   2.16e+04  6.328e+04  6.733e+04  6.498e+04  6.073e+04   6.41e+04  6.868e+04 -2.399e+04  5.473e+04 -7.241e+04 -4.841e+04 -2.847e+04  6.604e+04 -3.399e+04  5.651e+04 -3.719e+04  1.173e+05  3.266e+04   1.31e+04  3.563e+04  2.743e+04
       1310 -5.541e+04 -1.043e+05 -9.368e+04 -8.218e+04   -2.9e+06 -2.042e+07 -4.686e+04 -1.787e+05  -5.47e+04  1.955e+04 -4.333e+04 -2.061e+04  6.134e+04 -2.337e+04  -2.87e+04 -1.161e+05 -7.624e+04 -6.341e+04 -2.071e+05       1170 -9.461e+04 -7.571e+04 -1.409e+04  -2.61e+04      -6625 -7.531e+04  3.678e+04       1466 -4.753e+04  1.426e+04  1.268e+04  4.253e+04 -2.934e+04  1.108e+04  6.623e+04 -2.628e+05 -1.841e+04      263.4 -4.776e+04 -2.912e+04  2.469e+04 -3.598e+04 -1.367e+04  7.399e+04 -2.779e+04      -6822 -2.715e+04  2.031e+04  4.551e+04      -5703  2.675e+04  1.375e+05  4.572e+04  2.009e+04  4.405e+04   4.58e+04  5.403e+04 -1.875e+04      -1392  1.765e+04  5.915e+04 -4.454e+04  7.503e+04 -6.952e+04  1.206e+05  2.038e+04  6.862e+04  7.107e+04  6.765e+04 -1.193e+04  4.009e+04  8.549e+04  -8.88e+04       2020  2.858e+04 -2.389e+04 -4.179e+04  9.127e+04  2.863e+04  1.103e+05 -8.959e+04  5.209e+04  3.084e+04       9196  2.954e+04  3.128e+04
 -1.488e+05 -8.906e+05 -4.544e+05 -3.322e+04 -6.021e+04 -4.888e+04 -4.686e+04 -1.235e+07  -9.36e+05 -2.291e+05   -4.8e+04 -6.734e+04 -1.432e+05 -2.317e+04 -2.801e+04  1.115e+04 -1.167e+05 -5.694e+04 -2.669e+04  3.925e+04      -1545 -1.151e+06 -2.681e+05 -1.083e+05 -1.917e+04  -2.45e+04 -1.341e+05 -1.057e+04 -1.481e+05 -5.861e+04 -1.764e+05 -1.071e+04 -4.434e+04      -2927 -3.339e+04       6698  7.364e+04 -1.941e+05 -7.975e+04  1.626e+04  3.685e+04 -2.699e+05 -6.367e+04 -9.107e+04 -4.889e+04 -1.095e+04  -4.22e+04 -5.437e+04      -5476  1.107e+05 -2.323e+04 -4.513e+04 -4.161e+05 -2.226e+05 -4.307e+04 -2.579e+04  1.248e+04      -5704 -1.662e+04       2904  1.753e+04  2.016e+04       4922       9653 -6.286e+04  1.407e+05 -4.928e+04  2.123e+04       5472  6.253e+04  9.973e+04  6.763e+04  5.638e+04  5.933e+04  6.616e+04 -4.912e+04 -2.367e+04 -1.333e+04  1.666e+04  4.652e+04  6.916e+04 -6.724e+04 -4.693e+04  -3.32e+04      -5557  2.441e+04  3.029e+04
 -1.134e+05 -3.064e+05 -1.901e+05 -8.862e+04 -5.202e+04 -1.735e+05 -1.787e+05  -9.36e+05 -2.155e+07 -1.444e+06 -1.312e+05 -1.839e+05 -6.832e+05 -9.148e+04 -9.487e+04 -1.518e+05 -3.079e+05 -1.635e+05 -2.395e+05 -1.116e+05  -9.85e+04  -2.25e+06 -5.354e+05 -1.502e+05 -6.466e+04 -3.905e+04 -2.522e+05 -1.412e+04 -1.943e+05 -7.129e+04  -2.55e+05 -1.189e+05 -1.002e+05 -2.211e+04 -5.307e+04 -3.132e+04   8.12e+04 -2.436e+05  -1.28e+05 -7.631e+04  4.182e+04 -1.755e+05 -3.403e+04  -1.04e+05 -4.236e+04 -1.167e+04       5360 -1.212e+05  8.176e+04 -8.993e+04 -8.186e+04 -6.922e+04 -1.878e+05 -3.345e+04      -5849  1.091e+04  3.086e+04       2326  6.666e+04  2.191e+04  6.016e+04   5.19e+04  1.045e+05  3.865e+04       1811 -5.812e+04 -3.383e+04  5.221e+04     -666.4 -4.193e+04  2.181e+04  1.927e+04 -5.389e+04 -6.905e+04  2.771e+04   1.54e+05       7808 -3.798e+04       5078  7.677e+04   1.08e+05 -6.001e+04  6.846e+04 -5.182e+04       1562       7100  2.936e+04
 -1.143e+05 -2.004e+05 -1.253e+05 -2.121e+04 -9.379e+04 -5.623e+04  -5.47e+04 -2.291e+05 -1.444e+06 -9.431e+06 -4.552e+05 -5.317e+05 -9.206e+04 -6.851e+04 -2.498e+04 -2.556e+04 -1.019e+05 -4.055e+04 -1.032e+05 -4.786e+04 -2.258e+04 -5.173e+05 -2.639e+05 -8.248e+04 -2.533e+04 -4.198e+04  -1.39e+05      -8398 -8.452e+04 -2.649e+04 -1.635e+05 -4.644e+04 -6.369e+04 -1.093e+04  -6.29e+04     -584.4  8.124e+04 -1.052e+05 -6.292e+04      -7613       -770 -3.983e+04 -2.439e+04 -1.185e+04     -267.9 -5.021e+04      -8045 -2.246e+04       6515       4174  -1.53e+04  -2.68e+04 -1.272e+05 -6.751e+04      -2533 -1.994e+04      -3844      -4747  1.724e+04  1.834e+04      -2358  1.313e+04  2.203e+04  3.234e+04 -1.016e+04 -8.099e+04       6492  5.394e+04  2.255e+04  3.903e+04  2.226e+04  4.344e+04  5.071e+04  1.709e+04  2.456e+04  3.711e+04      -2807 -1.339e+04      -3862 -1.617e+04 -5.881e+04 -6.015e+04  1.751e+04 -2.229e+04      92.75   1.55e+04  1.332e+04
  4.501e+04 -4.399e+04      -9532  1.188e+04       2885  2.424e+04  1.955e+04   -4.8e+04 -1.312e+05 -4.552e+05 -2.691e+06       3583  -2.06e+04 -3.848e+04  -1.37e+04       2086  4.107e+04 -2.575e+04 -4.482e+04 -2.191e+04 -2.249e+04 -1.699e+05 -5.881e+04 -4.965e+04 -1.199e+04 -3.271e+04 -3.613e+04  1.135e+04 -1.308e+04      -5789 -5.072e+04       1817      -5402       1169       5629 -8.122e+04  3.503e+04 -2.531e+04 -1.997e+04 -2.334e+04  2.693e+04 -7.826e+04       7990  1.679e+04 -2.195e+04       3674      -5098 -3.429e+04  4.443e+04  2.539e+04       3509       4849 -2.818e+04 -6.228e+04       7453       9616   1.81e+04  2.166e+04  2.382e+04  1.366e+04  1.021e+04       4388  1.082e+04  1.969e+04 -2.707e+04  3.156e+04  2.644e+04  3.509e+04  5.785e+04  4.299e+04  4.359e+04  5.116e+04  7.166e+04  4.868e+04  3.679e+04  6.802e+04  7.569e+04  2.501e+04  4.419e+04  4.724e+04  5.425e+04  4.037e+04  3.153e+04  1.802e+04  2.716e+04  2.024e+04  3.706e+04
       2245 -3.024e+04  -4.53e+04     -546.5 -2.587e+04  -2.42e+04 -4.333e+04 -6.734e+04 -1.839e+05 -5.317e+05       3583 -2.972e+06 -3.962e+04     -745.9 -3.857e+04 -2.763e+04 -7.558e+04 -1.608e+04 -4.202e+04 -2.869e+04  1.903e+04  -1.43e+05 -6.802e+04      -7377 -1.612e+04       9455 -6.223e+04  1.075e+04 -4.327e+04  -1.45e+04 -6.112e+04 -1.643e+04 -2.104e+04       5126      -5220  4.173e+04  2.522e+04  -2.63e+04       2677  1.511e+04  3.113e+04 -7.787e+04       6897 -2.762e+04       3745  2.713e+04      -6389       5024  2.944e+04  3.623e+04  2.779e+04       4880  3.626e+04     -197.1  1.949e+04  1.601e+04  3.538e+04    2.6e+04   2.97e+04   3.28e+04  5.999e+04  3.483e+04  6.926e+04  8.154e+04  5.589e+04  7.338e+04  1.729e+04  5.566e+04  3.048e+04  5.846e+04  3.761e+04  2.856e+04       9157  6.044e+04  1.774e+04  2.241e+04   1.76e+04       4563  4.812e+04  3.658e+04  4.921e+04  6.373e+04  7.458e+04  1.468e+04      2e+04  3.796e+04  3.737e+04
       1575 -6.811e+04 -6.828e+04 -2.149e+04      -4061 -3.041e+04 -2.061e+04 -1.432e+05 -6.832e+05 -9.206e+04  -2.06e+04 -3.962e+04 -3.871e+06 -4.618e+04 -2.109e+05 -1.305e+05 -1.531e+05 -1.629e+05 -1.343e+05  -2.15e+05 -1.489e+05 -2.387e+05 -1.041e+05 -3.974e+04     -732.7      -6245 -8.053e+04       8654 -7.501e+04 -1.309e+04 -6.925e+04       4463 -1.419e+04       8720       2503       6861     -929.9 -5.824e+04  -2.29e+04 -1.855e+04  3.624e+04 -1.516e+04      -5584       2681 -4.471e+04  2.803e+04       6040      -5482       1869  5.565e+04       6405      162.2 -3.069e+04      -3963  1.348e+04   2.02e+04  4.795e+04   4.77e+04  1.599e+04  2.892e+04  3.566e+04  2.414e+04  3.682e+04  2.318e+04  5.128e+04   5.64e+04  2.969e+04  4.529e+04  3.663e+04  3.567e+04  1.849e+04  3.321e+04  4.472e+04       2090  2.948e+04 -2.166e+04  3.471e+04       8369 -1.107e+04  2.581e+04      -7237   4.42e+04  3.997e+04       3644  1.177e+04   2.68e+04  2.839e+04
  4.586e+04 -5.029e+04 -1.259e+04      -8868  1.655e+04  3.575e+04  6.134e+04 -2.317e+04 -9.148e+04 -6.851e+04 -3.848e+04     -745.9 -4.618e+04 -6.235e+06  -6.72e+05 -1.315e+05 -3.581e+05 -9.853e+04 -1.459e+05 -1.445e+05 -1.026e+05 -1.229e+05  -5.82e+04   1.92e+04      643.8      -2482 -2.373e+04       4719      -2431      -7664 -1.888e+04  1.761e+04  2.629e+04      -4620 -1.197e+04 -1.431e+05  -6.84e+04 -1.641e+04      -4331      -5317 -1.067e+04 -3.034e+04 -5.653e+04  3.375e+04 -5.816e+04 -8.117e+04 -8.322e+04  -1.03e+04 -3.215e+04       3434      -2012       4557  2.232e+04 -8.121e+04  2.622e+04  2.622e+04  3.658e+04  5.381e+04  4.276e+04  3.606e+04  5.089e+04      -6009  4.238e+04 -1.206e+04  9.569e+04 -2.517e+04  4.892e+04  6.092e+04  5.953e+04  5.025e+04  4.999e+04  7.812e+04  4.989e+04  1.607e+04  3.883e+04  1.135e+04  3.777e+04  5.297e+04  2.396e+04  7.811e+04  6.981e+04   1.13e+04  7.871e+04  3.548e+04  2.445e+04  4.308e+04  5.564e+04
      -2573 -2.262e+04 -2.033e+04      -9139      -3176  1.499e+04 -2.337e+04 -2.801e+04 -9.487e+04 -2.498e+04  -1.37e+04 -3.857e+04 -2.109e+05  -6.72e+05 -9.286e+06 -2.636e+05  -8.02e+05 -3.739e+05 -3.508e+05 -2.759e+05 -3.059e+05 -1.023e+05 -3.088e+04 -1.501e+04  1.675e+04      -5323 -2.677e+04   1.47e+04       5775 -3.265e+04 -8.175e+04   1.06e+04 -2.044e+04       5584       3697 -7.879e+04  1.992e+04      -9475  2.273e+04  3.183e+04  2.416e+04 -7.921e+04 -2.178e+04  3.606e+04      -8067 -2.203e+04  1.665e+04  2.958e+04  1.644e+04 -3.696e+04      -9506    1.5e+04  3.024e+04       6687  2.155e+04  3.059e+04       8989  3.455e+04  6.722e+04  2.564e+04  1.068e+05     -386.1  1.377e+04  4.993e+04  3.569e+04 -2.605e+04   3.13e+04  3.303e+04  5.393e+04  3.122e+04  4.965e+04  4.268e+04  4.807e+04      -2129  4.872e+04      -7761   6.65e+04  3.886e+04       4060  1.373e+05  9.081e+04  1.328e+05  5.948e+04  1.957e+04  1.653e+04  3.851e+04  4.115e+04
  3.715e+04 -4.659e+04       9501  4.028e+04  1.015e+04 -4.238e+04  -2.87e+04  1.115e+04 -1.518e+05 -2.556e+04       2086 -2.763e+04 -1.305e+05 -1.315e+05 -2.636e+05 -1.073e+07 -2.038e+06 -3.466e+05 -4.479e+05 -2.434e+05 -4.793e+05 -1.798e+05 -3.044e+04  -3.26e+04  2.605e+04      -8750  4.713e+04  3.457e+04       2365 -1.967e+04 -2.087e+04      -3691      -4323  2.148e+04 -4.759e+04 -6.159e+04       1034 -1.241e+04  2.568e+04  6.793e+04  3.326e+04 -2.768e+04       2916  -2.96e+04       4374  4.697e+04  -4.74e+04       3932  6.954e+04  6.029e+04  1.223e+04  3.128e+04  3.993e+04  7.249e+04  3.925e+04  6.511e+04  2.725e+04   3.37e+04    3.8e+04   4.78e+04  3.185e+04  3.865e+04  7.038e+04  8.244e+04 -1.322e+05  5.869e+04  4.657e+04  5.183e+04    6.8e+04  5.573e+04  6.602e+04  6.549e+04  8.632e+04  8.473e+04  4.342e+04  7.797e+04 -5.635e+04  7.079e+04  1.079e+05       6913  7.537e+04  6.861e+04  1.572e+05  5.402e+04  2.444e+04  2.136e+04  1.527e+04
  1.163e+04 -1.888e+05 -5.216e+04      -6896  1.784e+04 -8.503e+04 -1.161e+05 -1.167e+05 -3.079e+05 -1.019e+05  4.107e+04 -7.558e+04 -1.531e+05 -3.581e+05  -8.02e+05 -2.038e+06 -4.735e+07 -6.292e+05 -2.094e+06 -3.156e+05 -2.604e+05 -2.402e+05 -1.249e+05  1.416e+04 -4.009e+04  1.365e+04 -6.175e+04       5255 -9.608e+04 -2.761e+04 -7.605e+04 -5.127e+04       7772      -4474 -6.671e+04  1.298e+05  1.401e+05 -3.918e+04  5.555e+04       8172 -1.081e+05 -1.182e+05 -2.334e+04  5.523e+04  -1.75e+05 -2.205e+05       9028  8.148e+04  2.663e+04  2.664e+04 -8.076e+04  1.654e+04 -1.024e+05  4.117e+04       5769  5.842e+04  1.944e+04  9.361e+04 -3.533e+04   4.81e+04  3.579e+04       7125  1.222e+05  1.256e+05 -1.479e+04  7.697e+04      3e+04  6.626e+04   1.14e+04  1.192e+05  8.679e+04  8.918e+04  3.316e+04  5.701e+04   1.17e+05 -7.591e+04 -1.486e+04  4.312e+04  1.319e+05 -2.703e+04  1.148e+05 -1.977e+05  1.425e+05  3.701e+04  1.225e+04  4.472e+04  2.832e+04
  2.667e+04 -4.366e+04  1.191e+04  2.149e+04       5825 -8.406e+04 -7.624e+04 -5.694e+04 -1.635e+05 -4.055e+04 -2.575e+04 -1.608e+04 -1.629e+05 -9.853e+04 -3.739e+05 -3.466e+05 -6.292e+05 -9.234e+06 -5.564e+05 -3.327e+05 -3.476e+05  -1.91e+04  -7.15e+04 -2.405e+04  1.022e+04  2.576e+04  2.373e+04  2.634e+04  2.449e+04 -1.168e+04 -4.181e+04 -1.777e+04       8500  -1.65e+04 -3.869e+04 -1.868e+05  -5.66e+04 -3.102e+04  3.685e+04   2.28e+04 -4.278e+04  -1.77e+05  3.162e+04       3021 -1.319e+04  -5.18e+04 -7.421e+04 -8.119e+04  4.715e+04  -4.09e+04  1.217e+04  1.912e+04 -2.947e+04  3.407e+04  2.653e+04  5.743e+04  3.357e+04  2.635e+04  5.557e+04 -1.933e+04       6828      -4976 -3.033e+04 -1.094e+04 -3.507e+04       3436  4.935e+04  3.971e+04  1.359e+04  6.214e+04  5.334e+04  9.255e+04  1.079e+05  6.419e+04       8064  3.778e+04      -7574  3.509e+04  3.088e+04  1.931e+04  4.609e+04   3.51e+04 -5.599e+04  2.918e+04  2.255e+04  2.849e+04  1.762e+04
       7828  3.945e+04  3.468e+04 -1.972e+04      -1729 -4.081e+04 -6.341e+04 -2.669e+04 -2.395e+05 -1.032e+05 -4.482e+04 -4.202e+04 -1.343e+05 -1.459e+05 -3.508e+05 -4.479e+05 -2.094e+06 -5.564e+05 -1.677e+07 -3.902e+05 -2.628e+05 -3.067e+04 -8.374e+04 -1.339e+04      -3223 -1.761e+04  3.272e+04  2.361e+04 -2.968e+04 -4.131e+04 -8.617e+04 -4.735e+04 -1.208e+04 -4.131e+04  5.402e+04 -1.129e+05 -1.039e+05      329.5      941.7  5.136e+04 -1.003e+04 -3.656e+04  3.461e+04  7.563e+04       2659  2.089e+04  -1.28e+05  3.331e+04  1.301e+05      -6019      634.3 -1.095e+04 -4.008e+04  3.144e+04  4.042e+04  5.112e+04  2.809e+04  3.241e+04  7.019e+04  1.032e+04  1.927e+04  5.871e+04  6.982e+04 -9.106e+04 -1.818e+05 -1.182e+05  5.371e+04  5.668e+04  4.103e+04       5951  6.578e+04  5.755e+04  3.103e+04  -3.48e+04 -1.422e+04  1.467e+05      -9239 -2.116e+04  7.291e+04  6.777e+04 -7.677e+04 -1.592e+04 -2.296e+04       8955  4.613e+04  1.707e+04  3.842e+04
  9.505e+04  2.338e+04  6.592e+04  3.348e+04  3.965e+04 -4.792e+04 -2.071e+05  3.925e+04 -1.116e+05 -4.786e+04 -2.191e+04 -2.869e+04  -2.15e+05 -1.445e+05 -2.759e+05 -2.434e+05 -3.156e+05 -3.327e+05 -3.902e+05  -2.48e+07 -1.177e+06 -2.692e+05  6.441e+04      -4457  4.404e+04  4.628e+04   4.65e+04  3.196e+04  2.946e+04 -2.059e+04  6.058e+04       6779  4.262e+04  2.156e+04  1.244e+04  3.424e+04 -2.738e+05   1.91e+04  5.311e+04  5.081e+04   1.05e+05 -8.654e+04  -1.18e+04 -2.509e+04  -1.66e+04  4.538e+04  1.406e+04  8.679e+04   1.49e+05 -2.449e+04      -6254   2.86e+04 -1.178e+05      659.9      -5289  6.219e+04  1.317e+04  7.405e+04 -1.043e+04 -4.169e+04 -4.307e+04  1.438e+04      -6877 -8.791e+04  8.728e+04  2.485e+04  7.221e+04   4.34e+04  6.613e+04  6.714e+04  7.361e+04  6.259e+04   1.29e+05  5.656e+04 -1.111e+05  6.026e+04 -1.163e+04  3.415e+04  5.594e+04  3.122e+04  9.251e+04  8.355e+04  9.263e+04  3.359e+04  3.992e+04       4781   2.01e+04
  5.937e+04       -374      -3877       4631  6.016e+04  2.478e+04       1170      -1545  -9.85e+04 -2.258e+04 -2.249e+04  1.903e+04 -1.489e+05 -1.026e+05 -3.059e+05 -4.793e+05 -2.604e+05 -3.476e+05 -2.628e+05 -1.177e+06 -2.307e+07 -1.453e+05 -7.217e+04 -7.389e+04  1.683e+04  3.168e+04     -482.2  3.095e+04  1.598e+04 -2.174e+04      -3135   4.97e+04  1.394e+04 -2.043e+04  2.582e+04 -5.729e+04 -8.093e+04 -2.352e+04  2.522e+04  2.496e+04  3.478e+04   5.22e+04  3.932e+04 -7.176e+04       3672 -8.421e+04 -1.306e+04  1.943e+04 -5.122e+04 -5.492e+04  4.841e+04 -3.274e+04 -1.036e+05  5.078e+04  2.926e+04  7.054e+04  3.033e+04  3.431e+04 -1.627e+04    1.4e+04  4.722e+04      -2471  5.879e+04  4.004e+04      -6522  2.995e+04  4.192e+04   7.53e+04  7.126e+04  1.095e+05  7.042e+04  6.793e+04   4.75e+04  7.609e+04  -7.19e+04  4.904e+04  5.086e+04  7.065e+04  1.731e+04  6.532e+04  7.939e+04  1.015e+04      -4337  3.638e+04   3.76e+04  6.657e+04  4.381e+04
 -2.096e+05 -3.323e+05 -2.223e+05 -8.093e+04 -5.105e+04 -7.161e+04 -9.461e+04 -1.151e+06  -2.25e+06 -5.173e+05 -1.699e+05  -1.43e+05 -2.387e+05 -1.229e+05 -1.023e+05 -1.798e+05 -2.402e+05  -1.91e+04 -3.067e+04 -2.692e+05 -1.453e+05 -4.435e+07 -2.451e+06 -2.587e+05 -1.491e+05 -7.787e+04 -5.325e+05 -5.018e+04 -2.498e+05 -1.153e+05 -3.079e+05 -4.448e+04 -1.636e+05 -3.576e+04 -1.051e+05 -1.597e+05       4836 -9.244e+05 -1.744e+05 -2.452e+05  1.754e+04 -1.167e+05      -2889       9243 -1.386e+05       8264  1.011e+04 -5.512e+04       2136     -119.9 -3.521e+04  -4.48e+04 -3.198e+05 -1.088e+05 -4.375e+04 -4.653e+04 -4.649e+04 -5.734e+04 -8.768e+04  6.086e+04  -3.93e+04  4.932e+04  1.424e+05 -3.201e+04 -1.274e+05  1.355e+05       6429      -7373  3.119e+04 -6.011e+04 -3.641e+04   2.78e+04  3.517e+04  5.854e+04  1.363e+05 -1.549e+05 -6.442e+04 -2.094e+05  5.046e+04  1.512e+05  1.204e+05  5.288e+04  4.302e+04 -5.586e+04  -5.22e+04  -1.97e+04       6558
 -6.474e+04 -2.469e+05 -1.006e+05 -1.789e+04 -4.184e+04 -1.451e+05 -7.571e+04 -2.681e+05 -5.354e+05 -2.639e+05 -5.881e+04 -6.802e+04 -1.041e+05  -5.82e+04 -3.088e+04 -3.044e+04 -1.249e+05  -7.15e+04 -8.374e+04  6.441e+04 -7.217e+04 -2.451e+06 -9.613e+06 -3.549e+05 -3.799e+04  -3.45e+04 -7.704e+05      -1924 -3.257e+05 -4.571e+04 -2.147e+05 -3.057e+04 -2.688e+04 -1.361e+04 -5.547e+04  6.688e+04  2.765e+04 -6.541e+04 -1.068e+04 -2.343e+04 -2.318e+04  -1.34e+05 -2.923e+04  4.088e+04   -2.2e+04 -4.062e+04 -1.738e+04 -1.429e+04 -1.251e+04 -5.331e+04  -1.23e+04       2043 -1.272e+05 -1.922e+04      -3009      -6127  2.381e+04      -1645 -1.044e+04  2.402e+04  2.816e+04  6.922e+04  8.423e+04  8.527e+04  1.496e+05      -5058     -532.8  3.179e+04  2.277e+04      -8509    2.7e+04  7.996e+04  4.576e+04  1.441e+04  8.906e+04 -3.181e+04  6.801e+04  1.418e+04  2.882e+04  6.194e+04  1.036e+05 -1.517e+04  1.349e+05 -2.552e+04      -1639  5.128e+04  4.594e+04
  2.097e+04 -9.074e+04 -3.937e+04 -1.455e+04      -1253      -7914 -1.409e+04 -1.083e+05 -1.502e+05 -8.248e+04 -4.965e+04      -7377 -3.974e+04   1.92e+04 -1.501e+04  -3.26e+04  1.416e+04 -2.405e+04 -1.339e+04      -4457 -7.389e+04 -2.587e+05 -3.549e+05 -4.378e+06 -2.269e+05 -2.244e+05 -1.076e+05      -5443  -4.33e+04 -1.175e+04 -5.512e+04 -1.831e+04  -4.49e+04       4806 -5.686e+04       6161 -9.107e+04 -2.554e+04 -2.367e+04  -1.29e+04  2.713e+04  1.388e+04      -2301      -8261  1.104e+04 -1.898e+04      -4156       2130 -4.126e+04 -3.799e+04  1.856e+04      -6150 -4.444e+04 -3.728e+04  1.344e+04      -5499  1.384e+04       8564  2.793e+04  2.606e+04  1.665e+04  1.802e+04  5.674e+04  2.298e+04 -4.035e+04  1.215e+04  3.282e+04  3.607e+04   4.99e+04       9815  3.369e+04  2.169e+04  5.442e+04  4.778e+04      -6147      -1876  6.538e+04 -2.023e+04  3.664e+04  4.221e+04  2.213e+04  3.351e+04  1.774e+04  1.574e+04  1.527e+04  3.758e+04  4.039e+04
  1.982e+04 -4.149e+04     -634.4  2.461e+04  1.304e+04  3.855e+04  -2.61e+04 -1.917e+04 -6.466e+04 -2.533e+04 -1.199e+04 -1.612e+04     -732.7      643.8  1.675e+04  2.605e+04 -4.009e+04  1.022e+04      -3223  4.404e+04  1.683e+04 -1.491e+05 -3.799e+04 -2.269e+05 -3.189e+06 -1.394e+05 -1.353e+04  1.956e+04 -1.158e+04 -2.455e+04 -2.507e+04     -745.2      -7659  1.378e+04 -2.789e+04  2.061e+04     -494.1     -823.4      -1599       7970       4771 -1.648e+04 -1.009e+04  1.173e+04  1.586e+04       1359 -1.697e+04       1687  5.369e+04  6.234e+04     -532.2       9747 -1.955e+04      -6577  2.783e+04  1.525e+04  1.902e+04  1.705e+04  3.981e+04      -4708  1.752e+04  1.818e+04      -2509       7096 -5.495e+04      -5553  2.146e+04  3.962e+04  3.912e+04  2.624e+04  1.743e+04  4.069e+04  4.073e+04  3.199e+04      -6085       5430      -5542       5700  4.334e+04  4.244e+04  7.427e+04  5.117e+04  4.403e+04  2.527e+04   2.66e+04  3.044e+04  2.697e+04
  5.633e+04 -1.194e+04  1.945e+04  3.271e+04  2.896e+04       1307      -6625  -2.45e+04 -3.905e+04 -4.198e+04 -3.271e+04       9455      -6245      -2482      -5323      -8750  1.365e+04  2.576e+04 -1.761e+04  4.628e+04  3.168e+04 -7.787e+04  -3.45e+04 -2.244e+05 -1.394e+05 -3.095e+06       8107       8800       3273       1963 -1.261e+04 -1.465e+04       9315      -8648 -2.691e+04  2.225e+04      -1975 -1.166e+04 -1.087e+04 -2.006e+04  2.504e+04 -1.241e+04  2.346e+04 -6.363e+04      -2394  1.628e+04       4159  2.306e+04  1.817e+04  7.442e+04       4222  1.525e+04      485.1       4678  2.214e+04  2.512e+04       9844  4.001e+04 -1.807e+04      -2556  1.564e+04  1.463e+04  6.495e+04  1.531e+04      -8024  6.274e+04  4.501e+04  4.653e+04   6.97e+04  1.223e+04  1.514e+04  3.116e+04  6.104e+04  5.049e+04  1.253e+04 -1.642e+04  3.129e+04  3.102e+04  4.851e+04  2.762e+04  4.246e+04  3.661e+04  1.448e+04  3.071e+04  2.993e+04  3.621e+04  4.142e+04
      -6983 -1.319e+05 -5.871e+04  1.539e+04 -3.398e+04 -7.844e+04 -7.531e+04 -1.341e+05 -2.522e+05  -1.39e+05 -3.613e+04 -6.223e+04 -8.053e+04 -2.373e+04 -2.677e+04  4.713e+04 -6.175e+04  2.373e+04  3.272e+04   4.65e+04     -482.2 -5.325e+05 -7.704e+05 -1.076e+05 -1.353e+04       8107 -8.411e+06 -7.331e+04 -1.646e+06 -7.693e+04 -8.719e+05  -5.81e+04 -1.151e+05 -4.979e+04 -6.666e+04  2.399e+04 -6.948e+04  -2.44e+04      -6156  3.322e+04  2.692e+04  3.403e+04  2.113e+04       3357 -2.594e+04 -1.437e+04   1.84e+04      -5938       1832 -5.125e+04  2.629e+04       8604       7740 -2.173e+04   2.13e+04      -5952  3.935e+04  2.173e+04      -5248  5.528e+04  3.399e+04  4.081e+04  5.452e+04  3.355e+04  5.924e+04  4.117e+04      -1938  3.778e+04  5.026e+04   6.09e+04  2.746e+04  5.595e+04      -8121  5.492e+04  5.909e+04  4.581e+04  2.308e+04      -4970   4.19e+04  1.523e+04  5.849e+04  3.736e+04  5.649e+04  1.344e+04     -723.1  4.136e+04  4.586e+04
       6651      -4083       8588  2.292e+04  2.319e+04   4.41e+04  3.678e+04 -1.057e+04 -1.412e+04      -8398  1.135e+04  1.075e+04       8654       4719   1.47e+04  3.457e+04       5255  2.634e+04  2.361e+04  3.196e+04  3.095e+04 -5.018e+04      -1924      -5443  1.956e+04       8800 -7.331e+04 -1.109e+06 -2.312e+04   1.04e+04 -1.448e+04       4238       4484  2.309e+04  3.088e+04  3.107e+04  4.253e+04  1.422e+04  1.574e+04  1.859e+04  3.767e+04  1.579e+04  5.295e+04  4.135e+04  2.293e+04  2.647e+04  1.579e+04  3.592e+04   3.23e+04   3.05e+04  2.674e+04   3.78e+04 -2.262e+04      -7213  2.903e+04  1.098e+04  2.537e+04  2.897e+04  4.578e+04  1.441e+04  2.018e+04  2.439e+04  2.095e+04  6.136e+04  7.546e+04  4.442e+04  1.752e+04  4.697e+04  3.624e+04  2.286e+04  2.001e+04  2.756e+04  5.379e+04  4.955e+04  2.869e+04  5.846e+04  2.572e+04  2.783e+04  5.598e+04  5.681e+04  6.367e+04  6.139e+04  6.329e+04  2.027e+04  1.538e+04  2.724e+04  2.802e+04
 -3.365e+04 -1.143e+05 -3.711e+04  1.324e+04      -6984 -4.578e+04       1466 -1.481e+05 -1.943e+05 -8.452e+04 -1.308e+04 -4.327e+04 -7.501e+04      -2431       5775       2365 -9.608e+04  2.449e+04 -2.968e+04  2.946e+04  1.598e+04 -2.498e+05 -3.257e+05  -4.33e+04 -1.158e+04       3273 -1.646e+06 -2.312e+04  -6.33e+06 -1.328e+05 -2.023e+06 -1.178e+05 -1.871e+05 -6.737e+04 -7.433e+04 -5.895e+04  -7.93e+04 -3.711e+04 -1.612e+04  -3.18e+04  2.997e+04  7.666e+04  4.079e+04       6535 -2.968e+04       1207       8347 -3.325e+04 -1.891e+04  4.229e+04  1.787e+04  1.352e+04 -8.437e+04 -1.993e+04  1.608e+04  2.248e+04  4.309e+04  3.688e+04 -1.011e+04  3.376e+04  3.908e+04   5.85e+04  3.479e+04  6.621e+04  1.262e+05  4.994e+04  1.873e+04  5.438e+04   5.96e+04  4.197e+04  4.811e+04  4.759e+04  3.283e+04  7.069e+04  1.846e+04  4.491e+04       7264 -1.068e+04  6.104e+04  2.119e+04  6.397e+04  3.283e+04  9.752e+04       9278       8293  3.513e+04  4.047e+04
   1.26e+04 -2.332e+04 -1.316e+04       4279  1.147e+04 -1.474e+04 -4.753e+04 -5.861e+04 -7.129e+04 -2.649e+04      -5789  -1.45e+04 -1.309e+04      -7664 -3.265e+04 -1.967e+04 -2.761e+04 -1.168e+04 -4.131e+04 -2.059e+04 -2.174e+04 -1.153e+05 -4.571e+04 -1.175e+04 -2.455e+04       1963 -7.693e+04   1.04e+04 -1.328e+05 -3.435e+06 -7.207e+05  -9.66e+04  -1.11e+05 -7.817e+04 -6.427e+04 -2.127e+04 -1.136e+05 -1.277e+04     -831.5 -2.877e+04 -4.214e+04 -7.326e+04 -4.178e+04      -1346  2.025e+04      -6929 -1.974e+04  1.224e+04  1.272e+04  3.111e+04 -2.873e+04  1.016e+04  4.741e+04  3.846e+04  1.653e+04  3.028e+04  2.689e+04  2.542e+04      -1325       7792  2.426e+04       6789  5.206e+04  1.483e+04  7.351e+04      -6444  3.141e+04  2.943e+04  4.729e+04  8.432e+04  4.928e+04  2.672e+04  1.977e+04   4.51e+04  1.251e+04  3.761e+04  2.817e+04       7710  2.442e+04  2.223e+04  6.171e+04  4.482e+04       7493  1.228e+04  3.695e+04  4.268e+04  4.392e+04
 -2.611e+04 -1.354e+05  -3.45e+04  1.513e+04 -4.694e+04 -1.168e+05  1.426e+04 -1.764e+05  -2.55e+05 -1.635e+05 -5.072e+04 -6.112e+04 -6.925e+04 -1.888e+04 -8.175e+04 -2.087e+04 -7.605e+04 -4.181e+04 -8.617e+04  6.058e+04      -3135 -3.079e+05 -2.147e+05 -5.512e+04 -2.507e+04 -1.261e+04 -8.719e+05 -1.448e+04 -2.023e+06 -7.207e+05 -1.912e+07 -5.102e+05 -8.718e+05 -7.936e+04 -1.821e+05 -1.135e+05 -1.723e+05 -3.151e+04 -1.137e+04 -8.984e+04  -3.74e+04  2.241e+04  1.049e+04 -2.995e+04 -2.714e+04 -4.438e+04  -4.15e+04  2.069e+04 -3.419e+04 -2.807e+04      -9964  1.767e+04      141.8  7.925e+04  1.302e+04   5.61e+04  8.177e+04  2.205e+04 -3.426e+04      -5333  5.478e+04  4.594e+04  2.431e+04  7.831e+04   1.71e+05   5.59e+04  3.895e+04  6.205e+04  7.879e+04       9575  7.702e+04  8.044e+04  2.098e+04   3.09e+04  6.891e+04      -3166  2.483e+04  3.744e+04 -1.216e+04  5.714e+04  6.861e+04  9.565e+04  8.543e+04      -6502  2.255e+04  3.852e+04  4.157e+04
  4.945e+04     -472.5       3952   2.75e+04   1.33e+04       9755  1.268e+04 -1.071e+04 -1.189e+05 -4.644e+04       1817 -1.643e+04       4463  1.761e+04   1.06e+04      -3691 -5.127e+04 -1.777e+04 -4.735e+04       6779   4.97e+04 -4.448e+04 -3.057e+04 -1.831e+04     -745.2 -1.465e+04  -5.81e+04       4238 -1.178e+05  -9.66e+04 -5.102e+05  -3.88e+06 -1.754e+05 -2.704e+04 -8.296e+04  -1.01e+05 -8.964e+04      -9491      -8760       6189  4.405e+04 -1.185e+05      -3403 -2.098e+04 -2.824e+04  1.243e+04  4.711e+04  1.277e+04       4958   4.14e+04  2.858e+04  1.617e+04     -556.7   1.03e+04  3.317e+04  2.545e+04  6.003e+04  4.829e+04 -3.545e+04   2.58e+04  2.156e+04  4.034e+04  1.495e+04  8.409e+04  5.993e+04  7.842e+04  4.201e+04  4.176e+04  4.399e+04  5.873e+04  5.056e+04  4.388e+04  2.677e+04  4.281e+04  2.489e+04  3.467e+04  2.357e+04 -4.176e+04       6837  1.592e+04  4.904e+04  6.123e+04  3.598e+04  1.958e+04  2.929e+04  4.541e+04  4.357e+04
  3.182e+04 -1.834e+04 -1.214e+04  2.821e+04  1.456e+04 -4.334e+04  4.253e+04 -4.434e+04 -1.002e+05 -6.369e+04      -5402 -2.104e+04 -1.419e+04  2.629e+04 -2.044e+04      -4323       7772       8500 -1.208e+04  4.262e+04  1.394e+04 -1.636e+05 -2.688e+04  -4.49e+04      -7659       9315 -1.151e+05       4484 -1.871e+05  -1.11e+05 -8.718e+05 -1.754e+05 -6.336e+06 -1.183e+05 -3.433e+05  -1.93e+05 -1.855e+05      -9151 -3.107e+04  1.188e+04 -3.836e+04 -6.069e+04   1.03e+04 -1.454e+04  3.156e+04  1.826e+04  1.916e+04  3.281e+04      823.8  1.225e+04       6820      -4409 -1.628e+04  1.753e+04  2.643e+04  1.817e+04  5.144e+04  4.346e+04  9.844e+04  6.407e+04  5.242e+04   8.59e+04  5.829e+04  3.511e+04  1.332e+05  1.142e+05   3.11e+04  3.795e+04  7.037e+04  7.002e+04  3.573e+04  6.517e+04  5.267e+04  5.566e+04  2.836e+04   2.95e+04  4.202e+04  1.427e+04  5.128e+04  6.811e+04  9.244e+04  2.966e+04  9.471e+04   2.13e+04  3.493e+04  4.772e+04  4.569e+04
  3.623e+04      -4189       7635  2.374e+04  5.045e+04     -948.7 -2.934e+04      -2927 -2.211e+04 -1.093e+04       1169       5126       8720      -4620       5584  2.148e+04      -4474  -1.65e+04 -4.131e+04  2.156e+04 -2.043e+04 -3.576e+04 -1.361e+04       4806  1.378e+04      -8648 -4.979e+04  2.309e+04 -6.737e+04 -7.817e+04 -7.936e+04 -2.704e+04 -1.183e+05 -5.431e+06 -4.499e+05  -1.71e+05 -2.487e+05      -5535       3581  1.755e+04       6337   4.59e+04  1.489e+04      -3005  3.844e+04  2.712e+04       9152       5142      -1902 -1.362e+04       5474  1.662e+04  3.222e+04       8083  2.586e+04  5.273e+04  4.724e+04  5.966e+04  4.695e+04  5.594e+04  3.657e+04  6.169e+04  6.045e+04  8.325e+04  1.247e+05      -5387  4.663e+04  4.071e+04  6.562e+04  5.778e+04  7.385e+04  4.932e+04  6.202e+04  4.372e+04  6.995e+04  3.428e+04  5.781e+04  1.894e+04  5.409e+04  4.761e+04  5.209e+04  4.106e+04  2.982e+04  3.264e+04  4.211e+04  2.994e+04  4.096e+04
  4.503e+04 -5.536e+04      -1408        641  3.459e+04  5.959e+04  1.108e+04 -3.339e+04 -5.307e+04  -6.29e+04       5629      -5220       2503 -1.197e+04       3697 -4.759e+04 -6.671e+04 -3.869e+04  5.402e+04  1.244e+04  2.582e+04 -1.051e+05 -5.547e+04 -5.686e+04 -2.789e+04 -2.691e+04 -6.666e+04  3.088e+04 -7.433e+04 -6.427e+04 -1.821e+05 -8.296e+04 -3.433e+05 -4.499e+05  -8.86e+06 -1.882e+05 -3.071e+05     -499.9      -5911 -1.248e+04  4.126e+04  2.534e+04       5853  -1.69e+04  4.907e+04 -1.701e+04  3.851e+04  3.113e+04  3.555e+04  8.774e+04  3.578e+04  4.603e+04  1.516e+04 -3.741e+04  3.317e+04  3.468e+04  5.021e+04   5.04e+04       1708       9705    5.2e+04  3.774e+04  1.315e+05  4.566e+04  1.253e+05 -1.369e+05  4.118e+04  1.955e+04  3.701e+04  6.605e+04  2.079e+04  7.058e+04  6.849e+04  4.983e+04      -8874  3.095e+04       4572  4.602e+04  4.658e+04   3.25e+04  1.372e+04  3.797e+04  4.327e+04  2.092e+04  3.288e+04  4.503e+04  4.356e+04
  4.219e+04  2.687e+04   7.83e+04  7.099e+04   5.06e+04  3.358e+04  6.623e+04       6698 -3.132e+04     -584.4 -8.122e+04  4.173e+04       6861 -1.431e+05 -7.879e+04 -6.159e+04  1.298e+05 -1.868e+05 -1.129e+05  3.424e+04 -5.729e+04 -1.597e+05  6.688e+04       6161  2.061e+04  2.225e+04  2.399e+04  3.107e+04 -5.895e+04 -2.127e+04 -1.135e+05  -1.01e+05  -1.93e+05  -1.71e+05 -1.882e+05 -2.439e+07 -2.391e+06  4.311e+04  7.431e+04  1.051e+04 -1.117e+05 -1.097e+05  2.404e+04 -4.356e+04      -6830 -2.222e+04 -1.935e+05       2959 -6.367e+04  3.812e+04   2.66e+04  3.091e+04      890.2  -2.17e+05  4.057e+04 -1.182e+04  5.836e+04  1.482e+04  5.383e+04  3.453e+04  7.167e+04  5.106e+04  -4.81e+04  6.391e+04 -8.226e+04 -7.521e+04  5.677e+04  7.458e+04  1.134e+05  8.028e+04  6.781e+04  6.702e+04  1.013e+05  8.977e+04  6.252e+04   1.64e+05   6.95e+04  8.962e+04  2.437e+04  4.657e+04 -3.961e+04  7.022e+04      -1303  4.398e+04  5.376e+04  7.582e+04  5.893e+04
  8.091e+04  3.086e+04  7.154e+04       6838      409.1 -5.835e+04 -2.628e+05  7.364e+04   8.12e+04  8.124e+04  3.503e+04  2.522e+04     -929.9  -6.84e+04  1.992e+04       1034  1.401e+05  -5.66e+04 -1.039e+05 -2.738e+05 -8.093e+04       4836  2.765e+04 -9.107e+04     -494.1      -1975 -6.948e+04  4.253e+04  -7.93e+04 -1.136e+05 -1.723e+05 -8.964e+04 -1.855e+05 -2.487e+05 -3.071e+05 -2.391e+06 -2.575e+07  2.477e+04  3.788e+04  1.152e+04 -2.997e+04 -1.837e+05  6.594e+04 -2.271e+04 -2.172e+04 -4.264e+04  5.699e+04      865.2      -5896  3.331e+04  1.577e+04  7.697e+04  1.652e+05  1.247e+05  5.715e+04  7.043e+04  6.763e+04  4.071e+04  1.376e+05 -1.083e+04  4.431e+04  7.797e+04 -1.271e+04  4.546e+04  1.507e+05  7.613e+04  7.762e+04  6.205e+04  6.899e+04  5.418e+04  8.642e+04  5.114e+04  3.386e+04  7.703e+04  4.392e+04  1.019e+05  1.112e+05 -7.504e+04  5.203e+04  3.657e+04  4.179e+04   1.15e+05 -3.756e+04  5.684e+04  5.437e+04  3.671e+04  6.833e+04
 -2.096e+04 -1.008e+05 -3.135e+04      -2911 -1.663e+04  3.859e+04 -1.841e+04 -1.941e+05 -2.436e+05 -1.052e+05 -2.531e+04  -2.63e+04 -5.824e+04 -1.641e+04      -9475 -1.241e+04 -3.918e+04 -3.102e+04      329.5   1.91e+04 -2.352e+04 -9.244e+05 -6.541e+04 -2.554e+04     -823.4 -1.166e+04  -2.44e+04  1.422e+04 -3.711e+04 -1.277e+04 -3.151e+04      -9491      -9151      -5535     -499.9  4.311e+04  2.477e+04 -3.686e+06 -3.427e+05 -4.108e+04 -1.293e+04 -1.381e+05 -3.403e+04 -4.051e+04 -6.938e+04 -5.454e+04 -2.116e+04  -2.02e+04 -4.757e+04      -6890      -5869 -4.462e+04 -7.703e+04 -4.059e+04       7176       5250   2.48e+04  2.811e+04 -3.416e+04  1.995e+04  6.156e+04       2911  4.537e+04       3552      -4424  7.929e+04   1.64e+04  4.999e+04  5.651e+04  3.699e+04   3.63e+04  5.705e+04  4.714e+04  4.064e+04  3.726e+04  4.107e+04  4.156e+04  1.574e+04  4.235e+04  4.101e+04  7.892e+04  6.943e+04  8.472e+04      372.1       9339  3.794e+04  4.675e+04
  4.975e+04 -4.348e+04      -5168 -1.603e+04  3.858e+04 -3.008e+04      263.4 -7.975e+04  -1.28e+05 -6.292e+04 -1.997e+04       2677  -2.29e+04      -4331  2.273e+04  2.568e+04  5.555e+04  3.685e+04      941.7  5.311e+04  2.522e+04 -1.744e+05 -1.068e+04 -2.367e+04      -1599 -1.087e+04      -6156  1.574e+04 -1.612e+04     -831.5 -1.137e+04      -8760 -3.107e+04       3581      -5911  7.431e+04  3.788e+04 -3.427e+05 -5.882e+06 -1.848e+05 -1.133e+05 -1.396e+05 -1.507e+05 -1.086e+05 -2.105e+05  -1.26e+05 -1.361e+05  -6.75e+04 -1.739e+05 -2.148e+05 -1.268e+05 -2.461e+05 -4.266e+04       7517  2.295e+04  3.209e+04  3.513e+04  5.033e+04  5.294e+04  5.561e+04  5.814e+04  4.239e+04  6.565e+04  5.573e+04 -1.109e+05  1.722e+05  5.844e+04  4.007e+04  4.995e+04  3.553e+04  5.625e+04  4.449e+04  1.071e+05  6.697e+04  5.477e+04  7.146e+04 -2.398e+04 -2.548e+04   6.41e+04  4.697e+04  2.538e+04  5.931e+04  1.036e+05  3.653e+04  3.575e+04  4.154e+04  4.273e+04
  7.361e+04      -6190 -1.396e+04  2.926e+04      -1474 -1.829e+04 -4.776e+04  1.626e+04 -7.631e+04      -7613 -2.334e+04  1.511e+04 -1.855e+04      -5317  3.183e+04  6.793e+04       8172   2.28e+04  5.136e+04  5.081e+04  2.496e+04 -2.452e+05 -2.343e+04  -1.29e+04       7970 -2.006e+04  3.322e+04  1.859e+04  -3.18e+04 -2.877e+04 -8.984e+04       6189  1.188e+04  1.755e+04 -1.248e+04  1.051e+04  1.152e+04 -4.108e+04 -1.848e+05 -9.666e+06 -2.979e+05 -1.136e+06 -3.916e+05 -3.671e+05 -1.257e+06 -3.463e+05 -1.989e+05 -1.695e+05 -1.943e+05 -2.462e+05 -1.346e+05 -5.524e+04      -7103  2.374e+04  4.476e+04  2.996e+04  1.852e+04  2.784e+04  3.962e+04      -1992  2.772e+04  5.119e+04  9.129e+04   2.69e+04  7.989e+04 -1.893e+04  6.245e+04  6.014e+04  9.558e+04  6.393e+04  4.095e+04  7.879e+04  6.826e+04   5.12e+04  4.798e+04  8.108e+04      -3057  1.799e+04  8.704e+04  4.308e+04  4.161e+04  7.734e+04  1.597e+04  4.555e+04  4.899e+04  4.368e+04   3.88e+04
  2.619e+04 -1.282e+04   7.34e+04  3.853e+04      -6048 -2.454e+04 -2.912e+04  3.685e+04  4.182e+04       -770  2.693e+04  3.113e+04  3.624e+04 -1.067e+04  2.416e+04  3.326e+04 -1.081e+05 -4.278e+04 -1.003e+04   1.05e+05  3.478e+04  1.754e+04 -2.318e+04  2.713e+04       4771  2.504e+04  2.692e+04  3.767e+04  2.997e+04 -4.214e+04  -3.74e+04  4.405e+04 -3.836e+04       6337  4.126e+04 -1.117e+05 -2.997e+04 -1.293e+04 -1.133e+05 -2.979e+05 -1.162e+07 -2.411e+06 -3.304e+05  -4.18e+05 -1.422e+05 -1.453e+05 -2.016e+05  -1.73e+05 -1.767e+05 -1.937e+05 -8.146e+04 -2.305e+04 -7.772e+04   5.92e+04  5.459e+04    3.8e+04  6.007e+04  6.393e+04  4.251e+04  4.915e+04   5.29e+04  4.404e+04  1.056e+05  4.383e+04  9.594e+04  1.631e+05  4.836e+04   3.86e+04       1878  1.113e+05  6.622e+04  6.415e+04  5.924e+04  5.803e+04  4.705e+04  8.434e+04  6.847e+04  4.755e+04  1.038e+05  3.532e+04  5.223e+04  9.911e+04  4.129e+04  4.032e+04  5.537e+04   5.74e+04  5.527e+04
  8.242e+04 -3.299e+04 -2.399e+04 -5.968e+04 -7.791e+04  -1.29e+05  2.469e+04 -2.699e+05 -1.755e+05 -3.983e+04 -7.826e+04 -7.787e+04 -1.516e+04 -3.034e+04 -7.921e+04 -2.768e+04 -1.182e+05  -1.77e+05 -3.656e+04 -8.654e+04   5.22e+04 -1.167e+05  -1.34e+05  1.388e+04 -1.648e+04 -1.241e+04  3.403e+04  1.579e+04  7.666e+04 -7.326e+04  2.241e+04 -1.185e+05 -6.069e+04   4.59e+04  2.534e+04 -1.097e+05 -1.837e+05 -1.381e+05 -1.396e+05 -1.136e+06 -2.411e+06 -7.325e+07 -1.016e+06  -1.38e+06 -5.449e+05 -4.754e+05 -1.897e+05 -4.022e+05 -2.424e+05 -2.793e+05 -2.322e+05 -9.109e+04 -3.649e+04  7.774e+04  4.963e+04  3.024e+04  5.533e+04       3706  1.043e+05 -7.648e+04 -3.092e+04  1.082e+05  1.443e+05 -2.826e+04  -1.31e+05 -9.413e+04  9.581e+04  4.235e+04     -879.4  1.555e+05  5.888e+04  6.492e+04  5.628e+04  1.112e+05  1.389e+05  9.066e+04 -7.159e+04 -7.577e+04  6.147e+04 -9.101e+04  1.311e+04 -1.801e+05 -3.812e+05  4.778e+04  2.794e+04  4.952e+04  3.262e+04
   7.57e+04 -5.643e+04    3.1e+04 -1.406e+04  5.505e+04 -4.652e+04 -3.598e+04 -6.367e+04 -3.403e+04 -2.439e+04       7990       6897      -5584 -5.653e+04 -2.178e+04       2916 -2.334e+04  3.162e+04  3.461e+04  -1.18e+04  3.932e+04      -2889 -2.923e+04      -2301 -1.009e+04  2.346e+04  2.113e+04  5.295e+04  4.079e+04 -4.178e+04  1.049e+04      -3403   1.03e+04  1.489e+04       5853  2.404e+04  6.594e+04 -3.403e+04 -1.507e+05 -3.916e+05 -3.304e+05 -1.016e+06 -1.031e+07 -4.733e+05 -1.698e+05 -2.488e+05 -2.101e+05 -2.874e+05 -1.858e+05 -1.687e+05 -1.754e+05 -7.697e+04 -1.085e+05  2.576e+04  3.399e+04  5.271e+04  4.021e+04  3.692e+04  6.166e+04   3.57e+04    7.6e+04  6.942e+04  8.397e+04  1.112e+05 -4.135e+04  2.484e+04  5.926e+04  8.415e+04   1.02e+05  8.376e+04  4.748e+04  6.257e+04   7.27e+04  5.198e+04  4.853e+04  1.104e+04  2.789e+04  2.564e+04  7.246e+04 -1.025e+04  6.225e+04  6.009e+04  4.201e+04   3.24e+04   4.23e+04  5.738e+04  4.982e+04
  4.701e+04       9815       9043       4277  4.169e+04  -7.59e+04 -1.367e+04 -9.107e+04  -1.04e+05 -1.185e+04  1.679e+04 -2.762e+04       2681  3.375e+04  3.606e+04  -2.96e+04  5.523e+04       3021  7.563e+04 -2.509e+04 -7.176e+04       9243  4.088e+04      -8261  1.173e+04 -6.363e+04       3357  4.135e+04       6535      -1346 -2.995e+04 -2.098e+04 -1.454e+04      -3005  -1.69e+04 -4.356e+04 -2.271e+04 -4.051e+04 -1.086e+05 -3.671e+05  -4.18e+05  -1.38e+06 -4.733e+05 -1.293e+07 -2.348e+05 -1.804e+05 -1.789e+05 -1.515e+05 -2.822e+05  -2.47e+05 -1.824e+05 -5.485e+04   1.23e+05  8.405e+04  3.193e+04  5.301e+04  5.564e+04  4.877e+04  1.288e+05  7.996e+04  3.849e+04  5.856e+04   7.55e+04 -6.212e+04 -2.258e+05  9.245e+04  5.986e+04   4.88e+04  7.055e+04  7.193e+04  5.756e+04   5.04e+04  3.197e+04  6.288e+04  5.337e+04  3.305e+04 -6.282e+04 -3.402e+04  6.148e+04  3.513e+04  3.443e+04       2298 -5.512e+04  4.628e+04  5.161e+04  4.926e+04  2.815e+04
  6.847e+04 -3.407e+04      -8861  2.699e+04       5845 -5.401e+04  7.399e+04 -4.889e+04 -4.236e+04     -267.9 -2.195e+04       3745 -4.471e+04 -5.816e+04      -8067       4374  -1.75e+05 -1.319e+04       2659  -1.66e+04       3672 -1.386e+05   -2.2e+04  1.104e+04  1.586e+04      -2394 -2.594e+04  2.293e+04 -2.968e+04  2.025e+04 -2.714e+04 -2.824e+04  3.156e+04  3.844e+04  4.907e+04      -6830 -2.172e+04 -6.938e+04 -2.105e+05 -1.257e+06 -1.422e+05 -5.449e+05 -1.698e+05 -2.348e+05 -1.613e+07 -1.538e+06 -1.147e+05  -3.16e+05 -3.989e+05 -2.788e+05 -2.921e+05 -3.446e+04  2.408e+04   7.23e+04  2.287e+04  3.612e+04   1.11e+04  7.123e+04  7.319e+04  6.942e+04   1.03e+05  4.863e+04 -1.175e+04 -1.759e+04 -1.492e+05  1.227e+05  3.556e+04  4.709e+04  4.255e+04  1.314e+04  2.458e+04  6.181e+04  6.704e+04  3.926e+04  1.064e+05 -1.287e+04 -9.225e+04  8.279e+04       8638  7.595e+04   1.36e+05  2.704e+04  1.381e+05  4.053e+04  5.287e+04  3.038e+04  4.256e+04
  6.334e+04 -1.395e+04  4.566e+04  1.483e+04  1.761e+04  5.024e+04 -2.779e+04 -1.095e+04 -1.167e+04 -5.021e+04       3674  2.713e+04  2.803e+04 -8.117e+04 -2.203e+04  4.697e+04 -2.205e+05  -5.18e+04  2.089e+04  4.538e+04 -8.421e+04       8264 -4.062e+04 -1.898e+04       1359  1.628e+04 -1.437e+04  2.647e+04       1207      -6929 -4.438e+04  1.243e+04  1.826e+04  2.712e+04 -1.701e+04 -2.222e+04 -4.264e+04 -5.454e+04  -1.26e+05 -3.463e+05 -1.453e+05 -4.754e+05 -2.488e+05 -1.804e+05 -1.538e+06 -1.372e+07 -3.466e+05 -3.695e+05 -2.905e+05 -2.959e+05 -3.399e+05 -5.109e+04 -3.502e+04       8195  4.507e+04  2.844e+04  2.229e+04  4.609e+04  1.728e+04   1.48e+04  3.968e+04  1.741e+04  7.348e+04  1.129e+05  2.084e+04  1.489e+05  6.203e+04  6.165e+04  4.552e+04  3.665e+04  4.646e+04  5.944e+04  9.651e+04  7.876e+04       9975   -6.8e+04  1.321e+04  2.316e+04  5.874e+04  9.025e+04  8.811e+04  4.894e+04  7.232e+04  2.329e+04  4.731e+04   6.86e+04  6.536e+04
  7.253e+04      -4847  2.829e+04      -4051  3.439e+04 -2.659e+04      -6822  -4.22e+04       5360      -8045      -5098      -6389       6040 -8.322e+04  1.665e+04  -4.74e+04       9028 -7.421e+04  -1.28e+05  1.406e+04 -1.306e+04  1.011e+04 -1.738e+04      -4156 -1.697e+04       4159   1.84e+04  1.579e+04       8347 -1.974e+04  -4.15e+04  4.711e+04  1.916e+04       9152  3.851e+04 -1.935e+05  5.699e+04 -2.116e+04 -1.361e+05 -1.989e+05 -2.016e+05 -1.897e+05 -2.101e+05 -1.789e+05 -1.147e+05 -3.466e+05 -9.246e+06 -5.721e+05 -2.836e+05 -3.247e+05 -1.482e+05 -4.496e+04      -7655 -8.857e+04  3.019e+04  2.416e+04  3.147e+04  5.731e+04  1.099e+04  5.857e+04  5.192e+04  6.061e+04  5.219e+04  2.439e+04  1.566e+04  3.632e+04  4.965e+04  5.789e+04  8.064e+04  5.425e+04  4.619e+04  3.358e+04  1.862e+04  5.601e+04  8.698e+04  9.945e+04  3.631e+04  -3.93e+04  8.925e+04  8.862e+04  4.274e+04       1261  7.882e+04  5.437e+04  3.996e+04  4.668e+04  5.025e+04
  6.127e+04 -2.201e+04      -9350       9169  2.285e+04 -6.024e+04 -2.715e+04 -5.437e+04 -1.212e+05 -2.246e+04 -3.429e+04       5024      -5482  -1.03e+04  2.958e+04       3932  8.148e+04 -8.119e+04  3.331e+04  8.679e+04  1.943e+04 -5.512e+04 -1.429e+04       2130       1687  2.306e+04      -5938  3.592e+04 -3.325e+04  1.224e+04  2.069e+04  1.277e+04  3.281e+04       5142  3.113e+04       2959      865.2  -2.02e+04  -6.75e+04 -1.695e+05  -1.73e+05 -4.022e+05 -2.874e+05 -1.515e+05  -3.16e+05 -3.695e+05 -5.721e+05 -1.358e+07 -1.833e+05  -2.02e+05 -1.761e+05 -7.479e+04  1.186e+04  4.185e+04  2.695e+04  2.982e+04  2.831e+04   5.11e+04  7.129e+04  5.847e+04  6.785e+04  2.162e+04   7.43e+04  7.619e+04  2.933e+04 -2.507e+05  4.351e+04  6.509e+04  1.076e+05  1.152e+05  5.453e+04  8.615e+04  9.525e+04  8.541e+04  1.151e+05  1.445e+05 -2.709e+04 -8.636e+04  4.919e+04  1.072e+05  1.148e+05 -5.258e+04  3.265e+04  3.666e+04  5.943e+04  5.482e+04  4.839e+04
  7.477e+04 -2.527e+04  4.512e+04  2.383e+04  1.468e+04  4.312e+04  2.031e+04      -5476  8.176e+04       6515  4.443e+04  2.944e+04       1869 -3.215e+04  1.644e+04  6.954e+04  2.663e+04  4.715e+04  1.301e+05   1.49e+05 -5.122e+04       2136 -1.251e+04 -4.126e+04  5.369e+04  1.817e+04       1832   3.23e+04 -1.891e+04  1.272e+04 -3.419e+04       4958      823.8      -1902  3.555e+04 -6.367e+04      -5896 -4.757e+04 -1.739e+05 -1.943e+05 -1.767e+05 -2.424e+05 -1.858e+05 -2.822e+05 -3.989e+05 -2.905e+05 -2.836e+05 -1.833e+05 -2.352e+07 -1.726e+06 -2.127e+05 -6.766e+04 -1.465e+05  9.854e+04  5.112e+04  5.675e+04  3.822e+04  7.684e+04  1.105e+05  4.713e+04  3.908e+04  5.301e+04  3.967e+04 -3.048e+04  4.203e+04 -8.179e+04  5.208e+04  5.713e+04       5200 -3.624e+04  3.065e+04  1.131e+05  8.591e+04       4929  2.234e+04      -2378  9.265e+04 -1.395e+04  5.389e+04 -2.779e+04      -4031 -3.418e+04       7081       9275  4.781e+04  3.794e+04       5314
  4.171e+04  1.691e+04  3.142e+04  1.877e+04  6.218e+04      -8950  4.551e+04  1.107e+05 -8.993e+04       4174  2.539e+04  3.623e+04  5.565e+04       3434 -3.696e+04  6.029e+04  2.664e+04  -4.09e+04      -6019 -2.449e+04 -5.492e+04     -119.9 -5.331e+04 -3.799e+04  6.234e+04  7.442e+04 -5.125e+04   3.05e+04  4.229e+04  3.111e+04 -2.807e+04   4.14e+04  1.225e+04 -1.362e+04  8.774e+04  3.812e+04  3.331e+04      -6890 -2.148e+05 -2.462e+05 -1.937e+05 -2.793e+05 -1.687e+05  -2.47e+05 -2.788e+05 -2.959e+05 -3.247e+05  -2.02e+05 -1.726e+06 -2.505e+07 -2.394e+05 -8.848e+04  1.364e+05  3.206e+04  4.353e+04  9.253e+04  1.225e+04  3.551e+04      -2059  2.319e+04  4.265e+04     -112.7  9.232e+04  1.915e+05   9.29e+04  3.141e+05  6.576e+04  7.819e+04  4.425e+04  7.489e+04  3.773e+04  3.203e+04       1399  8.781e+04  1.511e+05    1.1e+05  1.946e+05  1.084e+05  4.091e+04 -3.022e+04  2.474e+04  1.461e+05 -2.233e+04  4.549e+04  6.345e+04  1.034e+05  6.976e+04
  3.658e+04  2.797e+04  3.757e+04  1.918e+04  4.234e+04  -2.75e+04      -5703 -2.323e+04 -8.186e+04  -1.53e+04       3509  2.779e+04       6405      -2012      -9506  1.223e+04 -8.076e+04  1.217e+04      634.3      -6254  4.841e+04 -3.521e+04  -1.23e+04  1.856e+04     -532.2       4222  2.629e+04  2.674e+04  1.787e+04 -2.873e+04      -9964  2.858e+04       6820       5474  3.578e+04   2.66e+04  1.577e+04      -5869 -1.268e+05 -1.346e+05 -8.146e+04 -2.322e+05 -1.754e+05 -1.824e+05 -2.921e+05 -3.399e+05 -1.482e+05 -1.761e+05 -2.127e+05 -2.394e+05 -4.796e+06 -3.634e+04  4.702e+04       1415  2.887e+04   3.48e+04  2.464e+04  1.946e+04      -8769  2.508e+04  1.903e+04  2.385e+04  3.378e+04  2.064e+04  3.337e+04  9.421e+04  5.955e+04  5.628e+04  5.839e+04  6.078e+04  4.629e+04  6.365e+04   7.01e+04  2.495e+04  6.599e+04 -1.403e+04  6.979e+04  5.604e+04  6.249e+04   4.68e+04       6644  5.479e+04   8.29e+04  3.894e+04  4.369e+04   4.42e+04  4.561e+04
  7.075e+04 -1.625e+04  1.489e+04  2.229e+04  2.948e+04  3.199e+04  2.675e+04 -4.513e+04 -6.922e+04  -2.68e+04       4849       4880      162.2       4557    1.5e+04  3.128e+04  1.654e+04  1.912e+04 -1.095e+04   2.86e+04 -3.274e+04  -4.48e+04       2043      -6150       9747  1.525e+04       8604   3.78e+04  1.352e+04  1.016e+04  1.767e+04  1.617e+04      -4409  1.662e+04  4.603e+04  3.091e+04  7.697e+04 -4.462e+04 -2.461e+05 -5.524e+04 -2.305e+04 -9.109e+04 -7.697e+04 -5.485e+04 -3.446e+04 -5.109e+04 -4.496e+04 -7.479e+04 -6.766e+04 -8.848e+04 -3.634e+04  -2.81e+06       1422   2.88e+04   3.74e+04  3.337e+04  3.565e+04  5.558e+04  8.737e+04  2.412e+04  2.992e+04   2.32e+04  3.689e+04  3.015e+04  1.061e+05  -4.89e+04   5.14e+04  4.881e+04  4.345e+04  4.864e+04  4.024e+04  5.028e+04  5.311e+04  7.457e+04  6.175e+04  4.774e+04    3.8e+04  1.056e+04  6.132e+04  6.809e+04  5.125e+04  5.384e+04  6.704e+04  3.991e+04  3.974e+04  3.995e+04  6.021e+04
 -4.884e+05 -2.064e+06 -5.775e+04  3.513e+04  1.477e+04  5.145e+04  1.375e+05 -4.161e+05 -1.878e+05 -1.272e+05 -2.818e+04  3.626e+04 -3.069e+04  2.232e+04  3.024e+04  3.993e+04 -1.024e+05 -2.947e+04 -4.008e+04 -1.178e+05 -1.036e+05 -3.198e+05 -1.272e+05 -4.444e+04 -1.955e+04      485.1       7740 -2.262e+04 -8.437e+04  4.741e+04      141.8     -556.7 -1.628e+04  3.222e+04  1.516e+04      890.2  1.652e+05 -7.703e+04 -4.266e+04      -7103 -7.772e+04 -3.649e+04 -1.085e+05   1.23e+05  2.408e+04 -3.502e+04      -7655  1.186e+04 -1.465e+05  1.364e+05  4.702e+04       1422 -3.475e+07 -2.529e+06 -2.544e+05 -3.508e+05  2.707e+04 -5.164e+04 -1.261e+05 -3.846e+04 -8.936e+04   5.11e+04 -5.151e+04  4.701e+04  1.427e+05  1.159e+05 -5.485e+05  3.365e+04 -3.254e+04  1.115e+04  2.542e+04  7.369e+04  3.201e+04  6.772e+04      -1796  9.355e+04  6.503e+04  2.036e+04  8.346e+04  1.292e+05  1.082e+05       4013  1.689e+05 -1.161e+05 -4.201e+04  2.118e+04  2.011e+04
 -8.882e+04 -4.178e+05 -1.228e+04  1.035e+04       5420 -1.555e+04  4.572e+04 -2.226e+05 -3.345e+04 -6.751e+04 -6.228e+04     -197.1      -3963 -8.121e+04       6687  7.249e+04  4.117e+04  3.407e+04  3.144e+04      659.9  5.078e+04 -1.088e+05 -1.922e+04 -3.728e+04      -6577       4678 -2.173e+04      -7213 -1.993e+04  3.846e+04  7.925e+04   1.03e+04  1.753e+04       8083 -3.741e+04  -2.17e+05  1.247e+05 -4.059e+04       7517  2.374e+04   5.92e+04  7.774e+04  2.576e+04  8.405e+04   7.23e+04       8195 -8.857e+04  4.185e+04  9.854e+04  3.206e+04       1415   2.88e+04 -2.529e+06 -9.787e+06 -5.753e+05 -7.477e+05  2.778e+04 -8.057e+04 -4.638e+04  6.056e+04  3.761e+04       7096  4.273e+04  4.282e+04   -8.8e+04  1.507e+05  1.639e+04  3.496e+04  4.079e+04  4.237e+04       8886  2.681e+04       8403  4.364e+04       5153  4.678e+04    1.5e+04      -6864  9.472e+04  1.596e+04  1.101e+05  1.819e+04  6.221e+04      -4980      -1766  3.152e+04  3.883e+04
       7367 -7.804e+04  1.316e+04  2.761e+04  3.228e+04  1.208e+04  2.009e+04 -4.307e+04      -5849      -2533       7453  1.949e+04  1.348e+04  2.622e+04  2.155e+04  3.925e+04       5769  2.653e+04  4.042e+04      -5289  2.926e+04 -4.375e+04      -3009  1.344e+04  2.783e+04  2.214e+04   2.13e+04  2.903e+04  1.608e+04  1.653e+04  1.302e+04  3.317e+04  2.643e+04  2.586e+04  3.317e+04  4.057e+04  5.715e+04       7176  2.295e+04  4.476e+04  5.459e+04  4.963e+04  3.399e+04  3.193e+04  2.287e+04  4.507e+04  3.019e+04  2.695e+04  5.112e+04  4.353e+04  2.887e+04   3.74e+04 -2.544e+05 -5.753e+05 -1.067e+06  4.504e+04  2.498e+04  3.066e+04  2.391e+04  1.615e+04  1.621e+04  3.114e+04  2.301e+04  3.392e+04  2.268e+04      -2770  2.091e+04  2.948e+04  3.561e+04  4.441e+04  2.697e+04  3.605e+04  3.061e+04  5.674e+04  3.234e+04  3.154e+04  2.447e+04       1238  2.761e+04   2.04e+04  3.989e+04  2.943e+04  3.467e+04  1.628e+04  1.682e+04  3.366e+04  3.407e+04
 -1.078e+04 -7.853e+04      950.1  1.883e+04  1.944e+04  3.741e+04  4.405e+04 -2.579e+04  1.091e+04 -1.994e+04       9616  1.601e+04   2.02e+04  2.622e+04  3.059e+04  6.511e+04  5.842e+04  5.743e+04  5.112e+04  6.219e+04  7.054e+04 -4.653e+04      -6127      -5499  1.525e+04  2.512e+04      -5952  1.098e+04  2.248e+04  3.028e+04   5.61e+04  2.545e+04  1.817e+04  5.273e+04  3.468e+04 -1.182e+04  7.043e+04       5250  3.209e+04  2.996e+04    3.8e+04  3.024e+04  5.271e+04  5.301e+04  3.612e+04  2.844e+04  2.416e+04  2.982e+04  5.675e+04  9.253e+04   3.48e+04  3.337e+04 -3.508e+05 -7.477e+05  4.504e+04 -1.348e+06      -9855 -1.479e+05 -3.654e+04       5444      -1125      -1035  1.548e+04  1.274e+04 -1.646e+04  6.665e+04       5160  2.795e+04  1.615e+04  1.781e+04  2.317e+04   2.07e+04  2.632e+04   2.65e+04    3.7e+04  3.093e+04  2.639e+04      -4579  5.009e+04  3.736e+04  5.805e+04      -1929  4.874e+04       5979       4382  2.326e+04  2.624e+04
  3.938e+04  5.418e+04  1.232e+04  4.437e+04  3.957e+04  3.615e+04   4.58e+04  1.248e+04  3.086e+04      -3844   1.81e+04  3.538e+04  4.795e+04  3.658e+04       8989  2.725e+04  1.944e+04  3.357e+04  2.809e+04  1.317e+04  3.033e+04 -4.649e+04  2.381e+04  1.384e+04  1.902e+04       9844  3.935e+04  2.537e+04  4.309e+04  2.689e+04  8.177e+04  6.003e+04  5.144e+04  4.724e+04  5.021e+04  5.836e+04  6.763e+04   2.48e+04  3.513e+04  1.852e+04  6.007e+04  5.533e+04  4.021e+04  5.564e+04   1.11e+04  2.229e+04  3.147e+04  2.831e+04  3.822e+04  1.225e+04  2.464e+04  3.565e+04  2.707e+04  2.778e+04  2.498e+04      -9855 -2.488e+06 -4.481e+05 -1.525e+05 -5.474e+04 -4.723e+04 -2.989e+04 -1.074e+05 -6.235e+04       3473 -4.628e+04  3.679e+04  4.463e+04  4.017e+04  5.186e+04  2.356e+04  3.815e+04  5.295e+04   3.21e+04  4.902e+04  3.507e+04  3.575e+04  2.348e+04  4.397e+04  4.736e+04  4.093e+04  5.199e+04  2.654e+04   2.88e+04  3.698e+04    3.6e+04  4.539e+04
       6664  1.239e+04  2.607e+04  3.533e+04    2.5e+04  2.409e+04  5.403e+04      -5704       2326      -4747  2.166e+04    2.6e+04   4.77e+04  5.381e+04  3.455e+04   3.37e+04  9.361e+04  2.635e+04  3.241e+04  7.405e+04  3.431e+04 -5.734e+04      -1645       8564  1.705e+04  4.001e+04  2.173e+04  2.897e+04  3.688e+04  2.542e+04  2.205e+04  4.829e+04  4.346e+04  5.966e+04   5.04e+04  1.482e+04  4.071e+04  2.811e+04  5.033e+04  2.784e+04  6.393e+04       3706  3.692e+04  4.877e+04  7.123e+04  4.609e+04  5.731e+04   5.11e+04  7.684e+04  3.551e+04  1.946e+04  5.558e+04 -5.164e+04 -8.057e+04  3.066e+04 -1.479e+05 -4.481e+05 -3.487e+06 -4.256e+05 -1.217e+05 -1.385e+05 -1.299e+05  -1.07e+05 -1.098e+05 -2.044e+05 -7.512e+04  3.214e+04  2.937e+04  2.157e+04      799.2   2.69e+04  3.155e+04  3.197e+04       3795  1.784e+04  1.402e+04  3.297e+04       5344  3.179e+04   4.11e+04  4.483e+04  5.828e+04  7.486e+04  1.922e+04  1.969e+04  3.672e+04   4.56e+04
   1.07e+04  6.641e+04 -1.367e+04  4.859e+04  3.341e+04 -4.294e+04 -1.875e+04 -1.662e+04  6.666e+04  1.724e+04  2.382e+04   2.97e+04  1.599e+04  4.276e+04  6.722e+04    3.8e+04 -3.533e+04  5.557e+04  7.019e+04 -1.043e+04 -1.627e+04 -8.768e+04 -1.044e+04  2.793e+04  3.981e+04 -1.807e+04      -5248  4.578e+04 -1.011e+04      -1325 -3.426e+04 -3.545e+04  9.844e+04  4.695e+04       1708  5.383e+04  1.376e+05 -3.416e+04  5.294e+04  3.962e+04  4.251e+04  1.043e+05  6.166e+04  1.288e+05  7.319e+04  1.728e+04  1.099e+04  7.129e+04  1.105e+05      -2059      -8769  8.737e+04 -1.261e+05 -4.638e+04  2.391e+04 -3.654e+04 -1.525e+05 -4.256e+05 -2.492e+07 -5.867e+05 -7.241e+05 -2.442e+06 -1.838e+05 -1.872e+05 -3.793e+05 -2.955e+05  4.503e+04  3.364e+04  2.664e+04  3.185e+04  4.535e+04 -6.721e+04  4.821e+04  2.295e+04  4.214e+04 -4.358e+04  1.202e+04 -1.732e+04  7.353e+04 -2.235e+04  1.165e+05  5.484e+04  8.681e+04  1.462e+04  1.975e+04   1.97e+04  1.249e+04
       7553  5.878e+04  2.478e+04   1.69e+04  4.015e+04  3.047e+04      -1392       2904  2.191e+04  1.834e+04  1.366e+04   3.28e+04  2.892e+04  3.606e+04  2.564e+04   4.78e+04   4.81e+04 -1.933e+04  1.032e+04 -4.169e+04    1.4e+04  6.086e+04  2.402e+04  2.606e+04      -4708      -2556  5.528e+04  1.441e+04  3.376e+04       7792      -5333   2.58e+04  6.407e+04  5.594e+04       9705  3.453e+04 -1.083e+04  1.995e+04  5.561e+04      -1992  4.915e+04 -7.648e+04   3.57e+04  7.996e+04  6.942e+04   1.48e+04  5.857e+04  5.847e+04  4.713e+04  2.319e+04  2.508e+04  2.412e+04 -3.846e+04  6.056e+04  1.615e+04       5444 -5.474e+04 -1.217e+05 -5.867e+05 -6.991e+06 -3.568e+05   -2.1e+05 -2.783e+05  -3.07e+05 -3.894e+05 -2.442e+05  4.048e+04  3.321e+04   3.89e+04  1.085e+04  1.913e+04   3.42e+04  7.167e+04  3.011e+04 -2.211e+04  -1.01e+05      994.6  3.497e+04  3.659e+04 -2.543e+04 -2.944e+04  6.286e+04  5.743e+04  2.195e+04  2.929e+04      -5228   3.39e+04
  4.618e+04  4.851e+04  3.038e+04  4.078e+04  5.061e+04 -1.833e+04  1.765e+04  1.753e+04  6.016e+04      -2358  1.021e+04  5.999e+04  3.566e+04  5.089e+04  1.068e+05  3.185e+04  3.579e+04       6828  1.927e+04 -4.307e+04  4.722e+04  -3.93e+04  2.816e+04  1.665e+04  1.752e+04  1.564e+04  3.399e+04  2.018e+04  3.908e+04  2.426e+04  5.478e+04  2.156e+04  5.242e+04  3.657e+04    5.2e+04  7.167e+04  4.431e+04  6.156e+04  5.814e+04  2.772e+04   5.29e+04 -3.092e+04    7.6e+04  3.849e+04   1.03e+05  3.968e+04  5.192e+04  6.785e+04  3.908e+04  4.265e+04  1.903e+04  2.992e+04 -8.936e+04  3.761e+04  1.621e+04      -1125 -4.723e+04 -1.385e+05 -7.241e+05 -3.568e+05 -7.177e+06 -2.621e+05 -2.485e+05 -2.952e+05 -3.166e+05 -2.525e+05  4.434e+04  4.852e+04  6.293e+04  1.978e+04  5.265e+04  3.794e+04  2.716e+04  4.983e+04  4.786e+04  1.447e+04  3.513e+04  2.783e+04  1.231e+04  2.626e+04  5.438e+04  7.772e+04  2.678e+04  2.744e+04  3.881e+04       8058  1.837e+04
      -3175  3.538e+04       9388  4.967e+04  4.118e+04  2.171e+04  5.915e+04  2.016e+04   5.19e+04  1.313e+04       4388  3.483e+04  2.414e+04      -6009     -386.1  3.865e+04       7125      -4976  5.871e+04  1.438e+04      -2471  4.932e+04  6.922e+04  1.802e+04  1.818e+04  1.463e+04  4.081e+04  2.439e+04   5.85e+04       6789  4.594e+04  4.034e+04   8.59e+04  6.169e+04  3.774e+04  5.106e+04  7.797e+04       2911  4.239e+04  5.119e+04  4.404e+04  1.082e+05  6.942e+04  5.856e+04  4.863e+04  1.741e+04  6.061e+04  2.162e+04  5.301e+04     -112.7  2.385e+04   2.32e+04   5.11e+04       7096  3.114e+04      -1035 -2.989e+04 -1.299e+05 -2.442e+06   -2.1e+05 -2.621e+05 -9.063e+06 -2.453e+05 -3.061e+05 -5.849e+05 -4.656e+05  3.021e+04  5.581e+04  7.581e+04 -3.101e+04       6322  -2.01e+04  7.338e+04       1545  5.825e+04 -5.683e+04       3067       6073  3.065e+04       7358  5.493e+04  8.052e+04  1.069e+05  3.455e+04  3.646e+04  1.031e+04  3.617e+04
  3.931e+04  9.735e+04  5.222e+04  5.622e+04  3.509e+04     -717.9 -4.454e+04       4922  1.045e+05  2.203e+04  1.082e+04  6.926e+04  3.682e+04  4.238e+04  1.377e+04  7.038e+04  1.222e+05 -3.033e+04  6.982e+04      -6877  5.879e+04  1.424e+05  8.423e+04  5.674e+04      -2509  6.495e+04  5.452e+04  2.095e+04  3.479e+04  5.206e+04  2.431e+04  1.495e+04  5.829e+04  6.045e+04  1.315e+05  -4.81e+04 -1.271e+04  4.537e+04  6.565e+04  9.129e+04  1.056e+05  1.443e+05  8.397e+04   7.55e+04 -1.175e+04  7.348e+04  5.219e+04   7.43e+04  3.967e+04  9.232e+04  3.378e+04  3.689e+04 -5.151e+04  4.273e+04  2.301e+04  1.548e+04 -1.074e+05  -1.07e+05 -1.838e+05 -2.783e+05 -2.485e+05 -2.453e+05 -1.341e+07 -1.034e+06 -4.429e+05 -4.742e+05  6.982e+04  3.695e+04   4.59e+04  1.667e+04      -8427  1.198e+04  5.789e+04  8.522e+04 -3.875e+04   9.71e+04  3.959e+04      -2882  1.432e+04      -4554  4.372e+04  6.235e+04  2.453e+04  1.732e+04  3.554e+04  2.015e+04  3.844e+04
  4.884e+04  1.312e+04  5.759e+04  3.117e+04  2.633e+04 -4.741e+04  7.503e+04       9653  3.865e+04  3.234e+04  1.969e+04  8.154e+04  2.318e+04 -1.206e+04  4.993e+04  8.244e+04  1.256e+05 -1.094e+04 -9.106e+04 -8.791e+04  4.004e+04 -3.201e+04  8.527e+04  2.298e+04       7096  1.531e+04  3.355e+04  6.136e+04  6.621e+04  1.483e+04  7.831e+04  8.409e+04  3.511e+04  8.325e+04  4.566e+04  6.391e+04  4.546e+04       3552  5.573e+04   2.69e+04  4.383e+04 -2.826e+04  1.112e+05 -6.212e+04 -1.759e+04  1.129e+05  2.439e+04  7.619e+04 -3.048e+04  1.915e+05  2.064e+04  3.015e+04  4.701e+04  4.282e+04  3.392e+04  1.274e+04 -6.235e+04 -1.098e+05 -1.872e+05  -3.07e+05 -2.952e+05 -3.061e+05 -1.034e+06 -1.498e+07 -3.043e+05 -3.841e+05  4.551e+04  4.899e+04  4.221e+04  2.272e+04  4.866e+04  1.398e+04  5.049e+04  2.968e+04 -4.309e+04 -1.595e+04      -6894 -2.197e+04 -1.031e+04   7.92e+04  8.646e+04  3.357e+04       4816  4.094e+04  4.201e+04  2.771e+04  4.576e+04
 -9.607e+04  8.597e+04  1.385e+05  5.218e+04 -2.473e+04 -1.018e+05 -6.952e+04 -6.286e+04       1811 -1.016e+04 -2.707e+04  5.589e+04  5.128e+04  9.569e+04  3.569e+04 -1.322e+05 -1.479e+04 -3.507e+04 -1.818e+05  8.728e+04      -6522 -1.274e+05  1.496e+05 -4.035e+04 -5.495e+04      -8024  5.924e+04  7.546e+04  1.262e+05  7.351e+04   1.71e+05  5.993e+04  1.332e+05  1.247e+05  1.253e+05 -8.226e+04  1.507e+05      -4424 -1.109e+05  7.989e+04  9.594e+04  -1.31e+05 -4.135e+04 -2.258e+05 -1.492e+05  2.084e+04  1.566e+04  2.933e+04  4.203e+04   9.29e+04  3.337e+04  1.061e+05  1.427e+05   -8.8e+04  2.268e+04 -1.646e+04       3473 -2.044e+05 -3.793e+05 -3.894e+05 -3.166e+05 -5.849e+05 -4.429e+05 -3.043e+05 -7.884e+07 -7.452e+06  9.146e+04  8.703e+04  1.119e+05  6.779e+04  6.754e+04  2.672e+04   9.68e+04      -5151  7.205e+04  1.798e+05  1.188e+05 -1.974e+05  3.822e+04     -69.37   1.21e+05  1.518e+05  5.477e+04  4.509e+04  4.551e+04      -6149  4.079e+04
 -1.149e+04  1.011e+05  1.538e+05 -9.519e+04  2.308e+04 -4.545e+04  1.206e+05  1.407e+05 -5.812e+04 -8.099e+04  3.156e+04  7.338e+04   5.64e+04 -2.517e+04 -2.605e+04  5.869e+04  7.697e+04       3436 -1.182e+05  2.485e+04  2.995e+04  1.355e+05      -5058  1.215e+04      -5553  6.274e+04  4.117e+04  4.442e+04  4.994e+04      -6444   5.59e+04  7.842e+04  1.142e+05      -5387 -1.369e+05 -7.521e+04  7.613e+04  7.929e+04  1.722e+05 -1.893e+04  1.631e+05 -9.413e+04  2.484e+04  9.245e+04  1.227e+05  1.489e+05  3.632e+04 -2.507e+05 -8.179e+04  3.141e+05  9.421e+04  -4.89e+04  1.159e+05  1.507e+05      -2770  6.665e+04 -4.628e+04 -7.512e+04 -2.955e+05 -2.442e+05 -2.525e+05 -4.656e+05 -4.742e+05 -3.841e+05 -7.452e+06  -9.32e+07  1.742e+04   4.21e+04  1.264e+05  2.798e+04  3.438e+04 -2.407e+04   1.62e+05  1.356e+05  1.125e+05  2.818e+05  1.176e+05       7936  4.401e+04  8.975e+04  1.555e+05  5.433e+04  1.477e+05       9171  5.092e+04  2.974e+04  3.087e+04
 -4.939e+04  -1.21e+05 -2.904e+04  1.208e+04  2.316e+04   2.16e+04  2.038e+04 -4.928e+04 -3.383e+04       6492  2.644e+04  1.729e+04  2.969e+04  4.892e+04   3.13e+04  4.657e+04      3e+04  4.935e+04  5.371e+04  7.221e+04  4.192e+04       6429     -532.8  3.282e+04  2.146e+04  4.501e+04      -1938  1.752e+04  1.873e+04  3.141e+04  3.895e+04  4.201e+04   3.11e+04  4.663e+04  4.118e+04  5.677e+04  7.762e+04   1.64e+04  5.844e+04  6.245e+04  4.836e+04  9.581e+04  5.926e+04  5.986e+04  3.556e+04  6.203e+04  4.965e+04  4.351e+04  5.208e+04  6.576e+04  5.955e+04   5.14e+04 -5.485e+05  1.639e+04  2.091e+04       5160  3.679e+04  3.214e+04  4.503e+04  4.048e+04  4.434e+04  3.021e+04  6.982e+04  4.551e+04  9.146e+04  1.742e+04  -1.48e+06      987.6  -1.57e+05 -4.806e+04  -2.05e+04      -4812 -3.248e+04 -2.106e+04 -5.283e+04 -4.413e+04 -7.519e+04  -7.34e+04  1.998e+04       2651      -4683  -2.29e+04 -2.106e+04      -1081      -4055  2.459e+04       4281
  1.421e+04   1.66e+04  3.019e+04  3.997e+04  4.065e+04  6.328e+04  6.862e+04  2.123e+04  5.221e+04  5.394e+04  3.509e+04  5.566e+04  4.529e+04  6.092e+04  3.303e+04  5.183e+04  6.626e+04  3.971e+04  5.668e+04   4.34e+04   7.53e+04      -7373  3.179e+04  3.607e+04  3.962e+04  4.653e+04  3.778e+04  4.697e+04  5.438e+04  2.943e+04  6.205e+04  4.176e+04  3.795e+04  4.071e+04  1.955e+04  7.458e+04  6.205e+04  4.999e+04  4.007e+04  6.014e+04   3.86e+04  4.235e+04  8.415e+04   4.88e+04  4.709e+04  6.165e+04  5.789e+04  6.509e+04  5.713e+04  7.819e+04  5.628e+04  4.881e+04  3.365e+04  3.496e+04  2.948e+04  2.795e+04  4.463e+04  2.937e+04  3.364e+04  3.321e+04  4.852e+04  5.581e+04  3.695e+04  4.899e+04  8.703e+04   4.21e+04      987.6 -2.662e+06 -5.192e+05 -1.035e+05 -2.445e+04 -3.644e+04 -1.182e+05 -5.883e+04 -5.204e+04 -2.857e+04  -4.15e+04 -2.655e+04 -7.629e+04 -2.597e+04 -1.942e+04 -4.226e+04 -1.609e+04  2.885e+04  2.526e+04  3.132e+04  2.882e+04
 -1.038e+04 -1.824e+04       4451  1.595e+04  3.832e+04  6.733e+04  7.107e+04       5472     -666.4  2.255e+04  5.785e+04  3.048e+04  3.663e+04  5.953e+04  5.393e+04    6.8e+04   1.14e+04  1.359e+04  4.103e+04  6.613e+04  7.126e+04  3.119e+04  2.277e+04   4.99e+04  3.912e+04   6.97e+04  5.026e+04  3.624e+04   5.96e+04  4.729e+04  7.879e+04  4.399e+04  7.037e+04  6.562e+04  3.701e+04  1.134e+05  6.899e+04  5.651e+04  4.995e+04  9.558e+04       1878     -879.4   1.02e+05  7.055e+04  4.255e+04  4.552e+04  8.064e+04  1.076e+05       5200  4.425e+04  5.839e+04  4.345e+04 -3.254e+04  4.079e+04  3.561e+04  1.615e+04  4.017e+04  2.157e+04  2.664e+04   3.89e+04  6.293e+04  7.581e+04   4.59e+04  4.221e+04  1.119e+05  1.264e+05  -1.57e+05 -5.192e+05 -4.664e+06  -1.96e+05 -9.413e+04 -5.598e+04 -4.007e+05 -1.091e+05 -2.079e+05 -1.959e+05 -1.244e+05 -1.751e+05 -1.503e+05  -8.83e+04 -8.242e+04 -1.009e+05 -1.336e+05  1.655e+04       9442   1.83e+04       8387
 -6.007e+04       9785  7.841e+04  7.239e+04  5.262e+04  6.498e+04  6.765e+04  6.253e+04 -4.193e+04  3.903e+04  4.299e+04  5.846e+04  3.567e+04  5.025e+04  3.122e+04  5.573e+04  1.192e+05  6.214e+04       5951  6.714e+04  1.095e+05 -6.011e+04      -8509       9815  2.624e+04  1.223e+04   6.09e+04  2.286e+04  4.197e+04  8.432e+04       9575  5.873e+04  7.002e+04  5.778e+04  6.605e+04  8.028e+04  5.418e+04  3.699e+04  3.553e+04  6.393e+04  1.113e+05  1.555e+05  8.376e+04  7.193e+04  1.314e+04  3.665e+04  5.425e+04  1.152e+05 -3.624e+04  7.489e+04  6.078e+04  4.864e+04  1.115e+04  4.237e+04  4.441e+04  1.781e+04  5.186e+04      799.2  3.185e+04  1.085e+04  1.978e+04 -3.101e+04  1.667e+04  2.272e+04  6.779e+04  2.798e+04 -4.806e+04 -1.035e+05  -1.96e+05 -1.096e+07 -4.723e+05 -7.074e+05 -1.533e+06 -1.502e+05 -9.595e+04  -1.25e+05 -1.634e+05  -1.29e+05 -2.089e+05 -1.334e+05 -1.813e+05 -5.882e+04 -8.877e+04       9594  2.078e+04  1.878e+04  1.253e+04
  3.949e+04  2.092e+04  2.774e+04  3.266e+04  4.859e+04  6.073e+04 -1.193e+04  9.973e+04  2.181e+04  2.226e+04  4.359e+04  3.761e+04  1.849e+04  4.999e+04  4.965e+04  6.602e+04  8.679e+04  5.334e+04  6.578e+04  7.361e+04  7.042e+04 -3.641e+04    2.7e+04  3.369e+04  1.743e+04  1.514e+04  2.746e+04  2.001e+04  4.811e+04  4.928e+04  7.702e+04  5.056e+04  3.573e+04  7.385e+04  2.079e+04  6.781e+04  8.642e+04   3.63e+04  5.625e+04  4.095e+04  6.622e+04  5.888e+04  4.748e+04  5.756e+04  2.458e+04  4.646e+04  4.619e+04  5.453e+04  3.065e+04  3.773e+04  4.629e+04  4.024e+04  2.542e+04       8886  2.697e+04  2.317e+04  2.356e+04   2.69e+04  4.535e+04  1.913e+04  5.265e+04       6322      -8427  4.866e+04  6.754e+04  3.438e+04  -2.05e+04 -2.445e+04 -9.413e+04 -4.723e+05 -4.759e+06 -1.425e+05 -1.695e+05 -1.316e+05 -1.481e+05 -2.166e+05 -1.843e+05 -1.392e+05  -1.91e+05 -1.334e+05 -1.181e+05 -1.672e+05 -1.805e+05  1.889e+04  2.774e+04  2.244e+04  2.714e+04
  3.771e+04    5.7e+04  6.688e+04  6.623e+04  6.477e+04   6.41e+04  4.009e+04  6.763e+04  1.927e+04  4.344e+04  5.116e+04  2.856e+04  3.321e+04  7.812e+04  4.268e+04  6.549e+04  8.918e+04  9.255e+04  5.755e+04  6.259e+04  6.793e+04   2.78e+04  7.996e+04  2.169e+04  4.069e+04  3.116e+04  5.595e+04  2.756e+04  4.759e+04  2.672e+04  8.044e+04  4.388e+04  6.517e+04  4.932e+04  7.058e+04  6.702e+04  5.114e+04  5.705e+04  4.449e+04  7.879e+04  6.415e+04  6.492e+04  6.257e+04   5.04e+04  6.181e+04  5.944e+04  3.358e+04  8.615e+04  1.131e+05  3.203e+04  6.365e+04  5.028e+04  7.369e+04  2.681e+04  3.605e+04   2.07e+04  3.815e+04  3.155e+04 -6.721e+04   3.42e+04  3.794e+04  -2.01e+04  1.198e+04  1.398e+04  2.672e+04 -2.407e+04      -4812 -3.644e+04 -5.598e+04 -7.074e+05 -1.425e+05 -4.282e+06 -2.007e+05 -1.591e+05 -1.178e+05 -1.524e+05  -1.39e+05 -1.594e+05 -1.561e+05 -5.323e+04  -1.52e+05 -1.077e+05 -1.729e+05  3.648e+04  3.294e+04  1.741e+04       7025
 -1.445e+04  2.884e+04  4.143e+04   2.91e+04  6.818e+04  6.868e+04  8.549e+04  5.638e+04 -5.389e+04  5.071e+04  7.166e+04       9157  4.472e+04  4.989e+04  4.807e+04  8.632e+04  3.316e+04  1.079e+05  3.103e+04   1.29e+05   4.75e+04  3.517e+04  4.576e+04  5.442e+04  4.073e+04  6.104e+04      -8121  5.379e+04  3.283e+04  1.977e+04  2.098e+04  2.677e+04  5.267e+04  6.202e+04  6.849e+04  1.013e+05  3.386e+04  4.714e+04  1.071e+05  6.826e+04  5.924e+04  5.628e+04   7.27e+04  3.197e+04  6.704e+04  9.651e+04  1.862e+04  9.525e+04  8.591e+04       1399   7.01e+04  5.311e+04  3.201e+04       8403  3.061e+04  2.632e+04  5.295e+04  3.197e+04  4.821e+04  7.167e+04  2.716e+04  7.338e+04  5.789e+04  5.049e+04   9.68e+04   1.62e+05 -3.248e+04 -1.182e+05 -4.007e+05 -1.533e+06 -1.695e+05 -2.007e+05 -1.146e+07 -3.424e+05 -1.515e+05 -1.793e+05 -2.757e+05 -3.077e+05  -4.35e+05 -1.351e+05 -2.129e+05 -1.128e+05  -1.58e+05  1.291e+04       4837  3.754e+04   3.12e+04
  5.892e+04  3.266e+04  5.706e+04  4.694e+04  2.781e+04 -2.399e+04  -8.88e+04  5.933e+04 -6.905e+04  1.709e+04  4.868e+04  6.044e+04       2090  1.607e+04      -2129  8.473e+04  5.701e+04  6.419e+04  -3.48e+04  5.656e+04  7.609e+04  5.854e+04  1.441e+04  4.778e+04  3.199e+04  5.049e+04  5.492e+04  4.955e+04  7.069e+04   4.51e+04   3.09e+04  4.281e+04  5.566e+04  4.372e+04  4.983e+04  8.977e+04  7.703e+04  4.064e+04  6.697e+04   5.12e+04  5.803e+04  1.112e+05  5.198e+04  6.288e+04  3.926e+04  7.876e+04  5.601e+04  8.541e+04       4929  8.781e+04  2.495e+04  7.457e+04  6.772e+04  4.364e+04  5.674e+04   2.65e+04   3.21e+04       3795  2.295e+04  3.011e+04  4.983e+04       1545  8.522e+04  2.968e+04      -5151  1.356e+05 -2.106e+04 -5.883e+04 -1.091e+05 -1.502e+05 -1.316e+05 -1.591e+05 -3.424e+05 -8.256e+06 -2.406e+05 -4.293e+05 -3.197e+05 -2.876e+05 -6.467e+05 -1.187e+05 -1.861e+05 -1.008e+05 -1.359e+05  4.839e+04  1.301e+04  1.916e+04  2.655e+04
   4.97e+04  9.496e+04  4.907e+04  3.918e+04   5.63e+04  5.473e+04       2020  6.616e+04  2.771e+04  2.456e+04  3.679e+04  1.774e+04  2.948e+04  3.883e+04  4.872e+04  4.342e+04   1.17e+05       8064 -1.422e+04 -1.111e+05  -7.19e+04  1.363e+05  8.906e+04      -6147      -6085  1.253e+04  5.909e+04  2.869e+04  1.846e+04  1.251e+04  6.891e+04  2.489e+04  2.836e+04  6.995e+04      -8874  6.252e+04  4.392e+04  3.726e+04  5.477e+04  4.798e+04  4.705e+04  1.389e+05  4.853e+04  5.337e+04  1.064e+05       9975  8.698e+04  1.151e+05  2.234e+04  1.511e+05  6.599e+04  6.175e+04      -1796       5153  3.234e+04    3.7e+04  4.902e+04  1.784e+04  4.214e+04 -2.211e+04  4.786e+04  5.825e+04 -3.875e+04 -4.309e+04  7.205e+04  1.125e+05 -5.283e+04 -5.204e+04 -2.079e+05 -9.595e+04 -1.481e+05 -1.178e+05 -1.515e+05 -2.406e+05 -1.515e+07 -1.988e+06 -3.799e+05 -3.333e+05 -1.371e+05 -1.126e+05 -1.975e+05 -3.128e+05 -2.998e+05  3.656e+04  2.435e+04  1.279e+04  3.522e+04
 -4.365e+04  3.749e+04  2.082e+04  2.513e+04  2.318e+04 -7.241e+04  2.858e+04 -4.912e+04   1.54e+05  3.711e+04  6.802e+04  2.241e+04 -2.166e+04  1.135e+04      -7761  7.797e+04 -7.591e+04  3.778e+04  1.467e+05  6.026e+04  4.904e+04 -1.549e+05 -3.181e+04      -1876       5430 -1.642e+04  4.581e+04  5.846e+04  4.491e+04  3.761e+04      -3166  3.467e+04   2.95e+04  3.428e+04  3.095e+04   1.64e+05  1.019e+05  4.107e+04  7.146e+04  8.108e+04  8.434e+04  9.066e+04  1.104e+04  3.305e+04 -1.287e+04   -6.8e+04  9.945e+04  1.445e+05      -2378    1.1e+05 -1.403e+04  4.774e+04  9.355e+04  4.678e+04  3.154e+04  3.093e+04  3.507e+04  1.402e+04 -4.358e+04  -1.01e+05  1.447e+04 -5.683e+04   9.71e+04 -1.595e+04  1.798e+05  2.818e+05 -4.413e+04 -2.857e+04 -1.959e+05  -1.25e+05 -2.166e+05 -1.524e+05 -1.793e+05 -4.293e+05 -1.988e+06 -3.545e+07 -5.716e+05 -5.722e+05 -2.367e+05 -3.944e+05 -4.885e+05  -1.75e+05 -2.408e+04  4.825e+04  2.152e+04      660.6 -2.008e+04
  9.073e+04  2.465e+04  2.971e+04  3.192e+04  5.173e+04 -4.841e+04 -2.389e+04 -2.367e+04       7808      -2807  7.569e+04   1.76e+04  3.471e+04  3.777e+04   6.65e+04 -5.635e+04 -1.486e+04      -7574      -9239 -1.163e+04  5.086e+04 -6.442e+04  6.801e+04  6.538e+04      -5542  3.129e+04  2.308e+04  2.572e+04       7264  2.817e+04  2.483e+04  2.357e+04  4.202e+04  5.781e+04       4572   6.95e+04  1.112e+05  4.156e+04 -2.398e+04      -3057  6.847e+04 -7.159e+04  2.789e+04 -6.282e+04 -9.225e+04  1.321e+04  3.631e+04 -2.709e+04  9.265e+04  1.946e+05  6.979e+04    3.8e+04  6.503e+04    1.5e+04  2.447e+04  2.639e+04  3.575e+04  3.297e+04  1.202e+04      994.6  3.513e+04       3067  3.959e+04      -6894  1.188e+05  1.176e+05 -7.519e+04  -4.15e+04 -1.244e+05 -1.634e+05 -1.843e+05  -1.39e+05 -2.757e+05 -3.197e+05 -3.799e+05 -5.716e+05 -1.778e+07 -7.348e+05 -1.356e+05  -1.35e+05 -1.295e+05 -1.145e+05 -2.653e+05  4.048e+04   1.89e+04  2.625e+04  3.479e+04
  3.462e+04  4.166e+04       4359   5.64e+04       7881 -2.847e+04 -4.179e+04 -1.333e+04 -3.798e+04 -1.339e+04  2.501e+04       4563       8369  5.297e+04  3.886e+04  7.079e+04  4.312e+04  3.509e+04 -2.116e+04  3.415e+04  7.065e+04 -2.094e+05  1.418e+04 -2.023e+04       5700  3.102e+04      -4970  2.783e+04 -1.068e+04       7710  3.744e+04 -4.176e+04  1.427e+04  1.894e+04  4.602e+04  8.962e+04 -7.504e+04  1.574e+04 -2.548e+04  1.799e+04  4.755e+04 -7.577e+04  2.564e+04 -3.402e+04  8.279e+04  2.316e+04  -3.93e+04 -8.636e+04 -1.395e+04  1.084e+05  5.604e+04  1.056e+04  2.036e+04      -6864       1238      -4579  2.348e+04       5344 -1.732e+04  3.497e+04  2.783e+04       6073      -2882 -2.197e+04 -1.974e+05       7936  -7.34e+04 -2.655e+04 -1.751e+05  -1.29e+05 -1.392e+05 -1.594e+05 -3.077e+05 -2.876e+05 -3.333e+05 -5.722e+05 -7.348e+05 -1.724e+07 -2.331e+05 -2.249e+05 -2.128e+05 -2.138e+05  -2.95e+05   2.54e+04  2.342e+04  2.923e+04       9071
  3.623e+04  3.482e+04  5.637e+04  4.866e+04       8440  6.604e+04  9.127e+04  1.666e+04       5078      -3862  4.419e+04  4.812e+04 -1.107e+04  2.396e+04       4060  1.079e+05  1.319e+05  3.088e+04  7.291e+04  5.594e+04  1.731e+04  5.046e+04  2.882e+04  3.664e+04  4.334e+04  4.851e+04   4.19e+04  5.598e+04  6.104e+04  2.442e+04 -1.216e+04       6837  5.128e+04  5.409e+04  4.658e+04  2.437e+04  5.203e+04  4.235e+04   6.41e+04  8.704e+04  1.038e+05  6.147e+04  7.246e+04  6.148e+04       8638  5.874e+04  8.925e+04  4.919e+04  5.389e+04  4.091e+04  6.249e+04  6.132e+04  8.346e+04  9.472e+04  2.761e+04  5.009e+04  4.397e+04  3.179e+04  7.353e+04  3.659e+04  1.231e+04  3.065e+04  1.432e+04 -1.031e+04  3.822e+04  4.401e+04  1.998e+04 -7.629e+04 -1.503e+05 -2.089e+05  -1.91e+05 -1.561e+05  -4.35e+05 -6.467e+05 -1.371e+05 -2.367e+05 -1.356e+05 -2.331e+05 -1.216e+07 -2.184e+05 -7.067e+05 -1.327e+05 -2.359e+05  3.559e+04  3.382e+04   4.09e+04  1.664e+04
   3.14e+04   1.97e+04  5.476e+04  4.486e+04       3694 -3.399e+04  2.863e+04  4.652e+04  7.677e+04 -1.617e+04  4.724e+04  3.658e+04  2.581e+04  7.811e+04  1.373e+05       6913 -2.703e+04  1.931e+04  6.777e+04  3.122e+04  6.532e+04  1.512e+05  6.194e+04  4.221e+04  4.244e+04  2.762e+04  1.523e+04  5.681e+04  2.119e+04  2.223e+04  5.714e+04  1.592e+04  6.811e+04  4.761e+04   3.25e+04  4.657e+04  3.657e+04  4.101e+04  4.697e+04  4.308e+04  3.532e+04 -9.101e+04 -1.025e+04  3.513e+04  7.595e+04  9.025e+04  8.862e+04  1.072e+05 -2.779e+04 -3.022e+04   4.68e+04  6.809e+04  1.292e+05  1.596e+04   2.04e+04  3.736e+04  4.736e+04   4.11e+04 -2.235e+04 -2.543e+04  2.626e+04       7358      -4554   7.92e+04     -69.37  8.975e+04       2651 -2.597e+04  -8.83e+04 -1.334e+05 -1.334e+05 -5.323e+04 -1.351e+05 -1.187e+05 -1.126e+05 -3.944e+05  -1.35e+05 -2.249e+05 -2.184e+05 -1.093e+07  -7.44e+05 -1.757e+05  -2.25e+05  3.548e+04  3.513e+04  3.991e+04  2.999e+04
  4.543e+04  6.319e+04  5.761e+04  2.796e+04      5e+04  5.651e+04  1.103e+05  6.916e+04   1.08e+05 -5.881e+04  5.425e+04  4.921e+04      -7237  6.981e+04  9.081e+04  7.537e+04  1.148e+05  4.609e+04 -7.677e+04  9.251e+04  7.939e+04  1.204e+05  1.036e+05  2.213e+04  7.427e+04  4.246e+04  5.849e+04  6.367e+04  6.397e+04  6.171e+04  6.861e+04  4.904e+04  9.244e+04  5.209e+04  1.372e+04 -3.961e+04  4.179e+04  7.892e+04  2.538e+04  4.161e+04  5.223e+04  1.311e+04  6.225e+04  3.443e+04   1.36e+05  8.811e+04  4.274e+04  1.148e+05      -4031  2.474e+04       6644  5.125e+04  1.082e+05  1.101e+05  3.989e+04  5.805e+04  4.093e+04  4.483e+04  1.165e+05 -2.944e+04  5.438e+04  5.493e+04  4.372e+04  8.646e+04   1.21e+05  1.555e+05      -4683 -1.942e+04 -8.242e+04 -1.813e+05 -1.181e+05  -1.52e+05 -2.129e+05 -1.861e+05 -1.975e+05 -4.885e+05 -1.295e+05 -2.128e+05 -7.067e+05  -7.44e+05 -1.565e+07 -2.371e+05 -2.424e+05  4.017e+04   2.23e+04  1.114e+04  5.005e+04
 -1.624e+04 -3.506e+04      -7513  7.274e+04  8.103e+04 -3.719e+04 -8.959e+04 -6.724e+04 -6.001e+04 -6.015e+04  4.037e+04  6.373e+04   4.42e+04   1.13e+04  1.328e+05  6.861e+04 -1.977e+05   3.51e+04 -1.592e+04  8.355e+04  1.015e+04  5.288e+04 -1.517e+04  3.351e+04  5.117e+04  3.661e+04  3.736e+04  6.139e+04  3.283e+04  4.482e+04  9.565e+04  6.123e+04  2.966e+04  4.106e+04  3.797e+04  7.022e+04   1.15e+05  6.943e+04  5.931e+04  7.734e+04  9.911e+04 -1.801e+05  6.009e+04       2298  2.704e+04  4.894e+04       1261 -5.258e+04 -3.418e+04  1.461e+05  5.479e+04  5.384e+04       4013  1.819e+04  2.943e+04      -1929  5.199e+04  5.828e+04  5.484e+04  6.286e+04  7.772e+04  8.052e+04  6.235e+04  3.357e+04  1.518e+05  5.433e+04  -2.29e+04 -4.226e+04 -1.009e+05 -5.882e+04 -1.672e+05 -1.077e+05 -1.128e+05 -1.008e+05 -3.128e+05  -1.75e+05 -1.145e+05 -2.138e+05 -1.327e+05 -1.757e+05 -2.371e+05 -2.655e+07 -1.382e+06  3.296e+04   2.84e+04  6.462e+04  2.413e+04
  2.212e+04  5.808e+04  6.582e+04       9701  6.335e+04  1.173e+05  5.209e+04 -4.693e+04  6.846e+04  1.751e+04  3.153e+04  7.458e+04  3.997e+04  7.871e+04  5.948e+04  1.572e+05  1.425e+05 -5.599e+04 -2.296e+04  9.263e+04      -4337  4.302e+04  1.349e+05  1.774e+04  4.403e+04  1.448e+04  5.649e+04  6.329e+04  9.752e+04       7493  8.543e+04  3.598e+04  9.471e+04  2.982e+04  4.327e+04      -1303 -3.756e+04  8.472e+04  1.036e+05  1.597e+04  4.129e+04 -3.812e+05  4.201e+04 -5.512e+04  1.381e+05  7.232e+04  7.882e+04  3.265e+04       7081 -2.233e+04   8.29e+04  6.704e+04  1.689e+05  6.221e+04  3.467e+04  4.874e+04  2.654e+04  7.486e+04  8.681e+04  5.743e+04  2.678e+04  1.069e+05  2.453e+04       4816  5.477e+04  1.477e+05 -2.106e+04 -1.609e+04 -1.336e+05 -8.877e+04 -1.805e+05 -1.729e+05  -1.58e+05 -1.359e+05 -2.998e+05 -2.408e+04 -2.653e+05  -2.95e+05 -2.359e+05  -2.25e+05 -2.424e+05 -1.382e+06 -2.451e+07  5.594e+04  3.555e+04  5.298e+04       -423
 -7.597e+05 -9.896e+04 -1.524e+04  1.625e+04  1.173e+04  3.266e+04  3.084e+04  -3.32e+04 -5.182e+04 -2.229e+04  1.802e+04  1.468e+04       3644  3.548e+04  1.957e+04  5.402e+04  3.701e+04  2.918e+04       8955  3.359e+04  3.638e+04 -5.586e+04 -2.552e+04  1.574e+04  2.527e+04  3.071e+04  1.344e+04  2.027e+04       9278  1.228e+04      -6502  1.958e+04   2.13e+04  3.264e+04  2.092e+04  4.398e+04  5.684e+04      372.1  3.653e+04  4.555e+04  4.032e+04  4.778e+04   3.24e+04  4.628e+04  4.053e+04  2.329e+04  5.437e+04  3.666e+04       9275  4.549e+04  3.894e+04  3.991e+04 -1.161e+05      -4980  1.628e+04       5979   2.88e+04  1.922e+04  1.462e+04  2.195e+04  2.744e+04  3.455e+04  1.732e+04  4.094e+04  4.509e+04       9171      -1081  2.885e+04  1.655e+04       9594  1.889e+04  3.648e+04  1.291e+04  4.839e+04  3.656e+04  4.825e+04  4.048e+04   2.54e+04  3.559e+04  3.548e+04  4.017e+04  3.296e+04  5.594e+04 -1.289e+06  3.867e+04   2.46e+04   1.81e+04
 -4.269e+05 -4.078e+04       7607  2.545e+04  1.917e+04   1.31e+04       9196      -5557       1562      92.75  2.716e+04      2e+04  1.177e+04  2.445e+04  1.653e+04  2.444e+04  1.225e+04  2.255e+04  4.613e+04  3.992e+04   3.76e+04  -5.22e+04      -1639  1.527e+04   2.66e+04  2.993e+04     -723.1  1.538e+04       8293  3.695e+04  2.255e+04  2.929e+04  3.493e+04  4.211e+04  3.288e+04  5.376e+04  5.437e+04       9339  3.575e+04  4.899e+04  5.537e+04  2.794e+04   4.23e+04  5.161e+04  5.287e+04  4.731e+04  3.996e+04  5.943e+04  4.781e+04  6.345e+04  4.369e+04  3.974e+04 -4.201e+04      -1766  1.682e+04       4382  3.698e+04  1.969e+04  1.975e+04  2.929e+04  3.881e+04  3.646e+04  3.554e+04  4.201e+04  4.551e+04  5.092e+04      -4055  2.526e+04       9442  2.078e+04  2.774e+04  3.294e+04       4837  1.301e+04  2.435e+04  2.152e+04   1.89e+04  2.342e+04  3.382e+04  3.513e+04   2.23e+04   2.84e+04  3.555e+04  3.867e+04 -8.733e+05 -1.964e+04 -9.116e+04
       5881  2.758e+04  4.173e+04  2.919e+04  3.321e+04  3.563e+04  2.954e+04  2.441e+04       7100   1.55e+04  2.024e+04  3.796e+04   2.68e+04  4.308e+04  3.851e+04  2.136e+04  4.472e+04  2.849e+04  1.707e+04       4781  6.657e+04  -1.97e+04  5.128e+04  3.758e+04  3.044e+04  3.621e+04  4.136e+04  2.724e+04  3.513e+04  4.268e+04  3.852e+04  4.541e+04  4.772e+04  2.994e+04  4.503e+04  7.582e+04  3.671e+04  3.794e+04  4.154e+04  4.368e+04   5.74e+04  4.952e+04  5.738e+04  4.926e+04  3.038e+04   6.86e+04  4.668e+04  5.482e+04  3.794e+04  1.034e+05   4.42e+04  3.995e+04  2.118e+04  3.152e+04  3.366e+04  2.326e+04    3.6e+04  3.672e+04   1.97e+04      -5228       8058  1.031e+04  2.015e+04  2.771e+04      -6149  2.974e+04  2.459e+04  3.132e+04   1.83e+04  1.878e+04  2.244e+04  1.741e+04  3.754e+04  1.916e+04  1.279e+04      660.6  2.625e+04  2.923e+04   4.09e+04  3.991e+04  1.114e+04  6.462e+04  5.298e+04   2.46e+04 -1.964e+04  -1.77e+06 -3.219e+05
 -4.952e+04  3.502e+04  3.401e+04   3.11e+04  4.354e+04  2.743e+04  3.128e+04  3.029e+04  2.936e+04  1.332e+04  3.706e+04  3.737e+04  2.839e+04  5.564e+04  4.115e+04  1.527e+04  2.832e+04  1.762e+04  3.842e+04   2.01e+04  4.381e+04       6558  4.594e+04  4.039e+04  2.697e+04  4.142e+04  4.586e+04  2.802e+04  4.047e+04  4.392e+04  4.157e+04  4.357e+04  4.569e+04  4.096e+04  4.356e+04  5.893e+04  6.833e+04  4.675e+04  4.273e+04   3.88e+04  5.527e+04  3.262e+04  4.982e+04  2.815e+04  4.256e+04  6.536e+04  5.025e+04  4.839e+04       5314  6.976e+04  4.561e+04  6.021e+04  2.011e+04  3.883e+04  3.407e+04  2.624e+04  4.539e+04   4.56e+04  1.249e+04   3.39e+04  1.837e+04  3.617e+04  3.844e+04  4.576e+04  4.079e+04  3.087e+04       4281  2.882e+04       8387  1.253e+04  2.714e+04       7025   3.12e+04  2.655e+04  3.522e+04 -2.008e+04  3.479e+04       9071  1.664e+04  2.999e+04  5.005e+04  2.413e+04       -423   1.81e+04 -9.116e+04 -3.219e+05  -2.04e+06
