Supplemental results for CODEML (seqf: seqfile.txt  treef: ENSSHAP00000008153_exon1.NT.TNR.trim.gt.phy_phyml_tree)


pairwise comparison (Goldman & Yang 1994)
seq seq        N       S       dN       dS     dN/dS   Paras.
  2   1     35.4     18.6   0.0001   0.1368   0.0010   0.1415 999.0000   0.0010   -65.954
  3   1     37.8     16.2   0.0558   0.0693   0.8056   0.1797   3.2552   0.8056   -76.552
  3   2     37.6     16.4   0.0575   0.2291   0.2510   0.3292   6.4281   0.2510   -80.967
  4   1     35.4     18.6   0.0001   0.1368   0.0010   0.1415 999.0000   0.0010   -65.954
  4   2     36.1     17.9   0.0000   0.0000   0.0010   0.0000   4.9960   0.0010   -59.973
  4   3     37.6     16.4   0.0575   0.2291   0.2510   0.3292   6.4281   0.2510   -80.967
  5   1     36.4     17.6   0.0001   0.0679   0.0010   0.0663 999.0000   0.0010   -62.790
  5   2     36.4     17.6   0.0002   0.2454   0.0010   0.2398 999.0000   0.0010   -66.664
  5   3     38.7     15.3   0.0560   0.1596   0.3512   0.2562   5.1311   0.3512   -78.120
  5   4     36.4     17.6   0.0002   0.2454   0.0010   0.2398 999.0000   0.0010   -66.664
  6   1     36.1     17.9   0.0000   0.0000   0.0010   0.0000   5.0008   0.0010   -59.973
  6   2     35.4     18.6   0.0001   0.1368   0.0010   0.1415 999.0000   0.0010   -65.954
  6   3     37.8     16.2   0.0558   0.0693   0.8056   0.1797   3.2552   0.8056   -76.552
  6   4     35.4     18.6   0.0001   0.1368   0.0010   0.1415 999.0000   0.0010   -65.954
  6   5     36.4     17.6   0.0001   0.0679   0.0010   0.0663 999.0000   0.0010   -62.790
  7   1     37.4     16.6   0.1772   0.1519   1.1663   0.5082   1.7111   1.1663   -96.754
  7   2     37.2     16.8   0.1777   0.2429   0.7317   0.5939   2.0771   0.7317   -98.940
  7   3     38.3     15.7   0.2308   0.3232   0.7142   0.7730   2.0290   0.7142  -104.106
  7   4     37.2     16.8   0.1777   0.2429   0.7317   0.5939   2.0771   0.7317   -98.940
  7   5     37.9     16.1   0.1797   0.2466   0.7288   0.5990   2.1269   0.7288   -98.008
  7   6     37.4     16.6   0.1772   0.1519   1.1663   0.5082   1.7111   1.1663   -96.754
  8   1     36.0     18.0   0.0002   0.1585   0.0010   0.1591 999.0000   0.0010   -65.483
  8   2     36.0     18.0   0.0007   0.7208   0.0010   0.7234 999.0000   0.0010   -68.057
  8   3     38.4     15.6   0.0561   0.2809   0.1998   0.3630   7.3819   0.1998   -80.245
  8   4     36.0     18.0   0.0007   0.7208   0.0010   0.7234 999.0000   0.0010   -68.057
  8   5     37.3     16.7   0.0003   0.3239   0.0010   0.3014 999.0000   0.0010   -65.756
  8   6     36.0     18.0   0.0002   0.1585   0.0010   0.1591 999.0000   0.0010   -65.483
  8   7     38.1     15.9   0.1772   0.1556   1.1388   0.5125   1.6878   1.1388   -95.709
  9   1     37.9     16.1   0.1918   0.1512   1.2685   0.5393   3.0305   1.2685   -95.485
  9   2     38.0     16.0   0.1905   0.1459   1.3057   0.5319   2.8979   1.3057   -94.249
  9   3     39.7     14.3   0.1885   0.2523   0.7471   0.6163   2.2328   0.7471   -99.668
  9   4     38.0     16.0   0.1905   0.1459   1.3057   0.5319   2.8979   1.3057   -94.249
  9   5     38.8     15.2   0.1926   0.2612   0.7373   0.6358   3.7966   0.7373   -97.344
  9   6     37.9     16.1   0.1918   0.1512   1.2685   0.5393   3.0305   1.2685   -95.485
  9   7     38.2     15.8   0.4768   0.3541   1.3464   1.3226   2.3688   1.3464  -116.717
  9   8     38.6     15.4   0.1979   0.4268   0.4637   0.7898   4.7535   0.4637   -98.757
 10   1     36.2     17.8   0.0000   0.0000   0.0010   0.0000   4.1178   0.0010   -59.973
 10   2     35.4     18.6   0.0001   0.1368   0.0010   0.1415 999.0000   0.0010   -65.954
 10   3     37.8     16.2   0.0558   0.0693   0.8056   0.1797   3.2552   0.8056   -76.552
 10   4     35.4     18.6   0.0001   0.1368   0.0010   0.1415 999.0000   0.0010   -65.954
 10   5     36.4     17.6   0.0001   0.0679   0.0010   0.0663 999.0000   0.0010   -62.790
 10   6     36.1     17.9   0.0000   0.0000   0.0010   0.0000   4.9854   0.0010   -59.973
 10   7     37.4     16.6   0.1772   0.1519   1.1663   0.5082   1.7111   1.1663   -96.754
 10   8     36.0     18.0   0.0002   0.1585   0.0010   0.1591 999.0000   0.0010   -65.483
 10   9     37.9     16.1   0.1918   0.1512   1.2685   0.5393   3.0305   1.2685   -95.485
 11   1     37.8     16.2   0.0000   0.0000   0.0010   0.0000   0.4000   0.0010   -59.973
 11   2     35.4     18.6   0.0001   0.1368   0.0010   0.1415 999.0000   0.0010   -65.954
 11   3     37.8     16.2   0.0558   0.0693   0.8056   0.1797   3.2552   0.8056   -76.552
 11   4     35.4     18.6   0.0001   0.1368   0.0010   0.1415 999.0000   0.0010   -65.954
 11   5     36.4     17.6   0.0001   0.0679   0.0010   0.0663 999.0000   0.0010   -62.790
 11   6     36.1     17.9   0.0000   0.0000   0.0010   0.0000   4.9353   0.0010   -59.973
 11   7     37.4     16.6   0.1772   0.1519   1.1663   0.5082   1.7111   1.1663   -96.754
 11   8     36.0     18.0   0.0002   0.1585   0.0010   0.1591 999.0000   0.0010   -65.483
 11   9     37.9     16.1   0.1918   0.1512   1.2685   0.5393   3.0305   1.2685   -95.485
 11  10     36.5     17.5   0.0000   0.0000   0.9336   0.0000   2.7858   0.9336   -59.973
 12   1     36.5     17.5   0.0000   0.0000   0.7422   0.0000   2.5013   0.7422   -59.973
 12   2     35.4     18.6   0.0001   0.1368   0.0010   0.1415 999.0000   0.0010   -65.954
 12   3     37.8     16.2   0.0558   0.0693   0.8056   0.1797   3.2552   0.8056   -76.552
 12   4     35.4     18.6   0.0001   0.1368   0.0010   0.1415 999.0000   0.0010   -65.954
 12   5     36.4     17.6   0.0001   0.0679   0.0010   0.0663 999.0000   0.0010   -62.790
 12   6     37.8     16.2   0.0000   0.0000   0.0010   0.0000   0.4000   0.0010   -59.973
 12   7     37.4     16.6   0.1772   0.1519   1.1663   0.5082   1.7111   1.1663   -96.754
 12   8     36.0     18.0   0.0002   0.1585   0.0010   0.1591 999.0000   0.0010   -65.483
 12   9     37.9     16.1   0.1918   0.1512   1.2685   0.5393   3.0305   1.2685   -95.485
 12  10     36.5     17.5   0.0000   0.0000   1.0493   0.0000   2.5823   1.0493   -59.973
 12  11     37.8     16.2   0.0000   0.0000   0.0010   0.0000   0.4000   0.0010   -59.973
 13   1     37.1     16.9   0.0000   0.0000   0.0010   0.0000   1.1823   0.0010   -59.973
 13   2     35.4     18.6   0.0001   0.1368   0.0010   0.1415 999.0000   0.0010   -65.954
 13   3     37.8     16.2   0.0558   0.0693   0.8056   0.1797   3.2552   0.8056   -76.552
 13   4     35.4     18.6   0.0001   0.1368   0.0010   0.1415 999.0000   0.0010   -65.954
 13   5     36.4     17.6   0.0001   0.0679   0.0010   0.0663 999.0000   0.0010   -62.790
 13   6     36.2     17.8   0.0000   0.0000   0.0010   0.0000   4.5743   0.0010   -59.973
 13   7     37.4     16.6   0.1772   0.1519   1.1663   0.5082   1.7111   1.1663   -96.754
 13   8     36.0     18.0   0.0002   0.1585   0.0010   0.1591 999.0000   0.0010   -65.483
 13   9     37.9     16.1   0.1918   0.1512   1.2685   0.5393   3.0305   1.2685   -95.485
 13  10     36.4     17.6   0.0000   0.0000   1.0441   0.0000   2.9032   1.0441   -59.973
 13  11     36.5     17.5   0.0000   0.0000   0.5582   0.0000   2.8798   0.5582   -59.973
 13  12     36.8     17.2   0.0000   0.0000   0.0010   0.0000   1.8021   0.0010   -59.973
 14   1     36.8     17.2   0.0000   0.0000   0.0010   0.0000   1.8385   0.0010   -59.973
 14   2     35.4     18.6   0.0001   0.1368   0.0010   0.1415 999.0000   0.0010   -65.954
 14   3     37.8     16.2   0.0558   0.0693   0.8056   0.1797   3.2552   0.8056   -76.552
 14   4     35.4     18.6   0.0001   0.1368   0.0010   0.1415 999.0000   0.0010   -65.954
 14   5     36.4     17.6   0.0001   0.0679   0.0010   0.0663 999.0000   0.0010   -62.790
 14   6     36.1     17.9   0.0000   0.0000   0.0010   0.0000   4.9491   0.0010   -59.973
 14   7     37.4     16.6   0.1772   0.1519   1.1663   0.5082   1.7111   1.1663   -96.754
 14   8     36.0     18.0   0.0002   0.1585   0.0010   0.1591 999.0000   0.0010   -65.483
 14   9     37.9     16.1   0.1918   0.1512   1.2685   0.5393   3.0305   1.2685   -95.485
 14  10     37.8     16.2   0.0000   0.0000   0.0010   0.0000   0.4000   0.0010   -59.973
 14  11     37.8     16.2   0.0000   0.0000   0.0010   0.0000   0.4000   0.0010   -59.973
 14  12     37.1     16.9   0.0000   0.0000   0.0180   0.0000   1.1229   0.0180   -59.973
 14  13     37.8     16.2   0.0000   0.0000   0.0010   0.0000   0.4000   0.0010   -59.973
 15   1     36.0     18.0   0.0002   0.1585   0.0010   0.1591 999.0000   0.0010   -65.483
 15   2     36.0     18.0   0.0007   0.7208   0.0010   0.7234 999.0000   0.0010   -68.057
 15   3     38.4     15.6   0.0561   0.2809   0.1998   0.3630   7.3819   0.1998   -80.245
 15   4     36.0     18.0   0.0007   0.7208   0.0010   0.7234 999.0000   0.0010   -68.057
 15   5     37.3     16.7   0.0003   0.3239   0.0010   0.3014 999.0000   0.0010   -65.756
 15   6     36.0     18.0   0.0002   0.1585   0.0010   0.1591 999.0000   0.0010   -65.483
 15   7     38.1     15.9   0.1772   0.1556   1.1388   0.5125   1.6878   1.1388   -95.709
 15   8     38.0     16.0   0.0000   0.0000   0.4494   0.0000   2.1592   0.4494   -56.322
 15   9     38.6     15.4   0.1979   0.4268   0.4637   0.7898   4.7535   0.4637   -98.757
 15  10     36.0     18.0   0.0002   0.1585   0.0010   0.1591 999.0000   0.0010   -65.483
 15  11     36.0     18.0   0.0002   0.1585   0.0010   0.1591 999.0000   0.0010   -65.483
 15  12     36.0     18.0   0.0002   0.1585   0.0010   0.1591 999.0000   0.0010   -65.483
 15  13     36.0     18.0   0.0002   0.1585   0.0010   0.1591 999.0000   0.0010   -65.483
 15  14     36.0     18.0   0.0002   0.1585   0.0010   0.1591 999.0000   0.0010   -65.483
 16   1     36.9     17.1   0.0998   0.0655   1.5243   0.2669 999.0000   1.5243   -74.021
 16   2     36.9     17.1   0.0990   0.2315   0.4275   0.4226 999.0000   0.4275   -77.918
 16   3     39.0     15.0   0.1659   0.0017  99.0000   0.3608   8.9630  99.0000   -82.189
 16   4     36.9     17.1   0.0990   0.2315   0.4274   0.4226 999.0000   0.4274   -77.918
 16   5     38.2     15.8   0.0986   0.1600   0.6165   0.3497 999.0000   0.6165   -75.322
 16   6     36.9     17.1   0.0998   0.0655   1.5243   0.2669 999.0000   1.5243   -74.021
 16   7     37.5     16.5   0.3185   0.2427   1.3123   0.8858   4.1192   1.3123  -104.051
 16   8     37.8     16.2   0.0971   0.2983   0.3256   0.4726 999.0000   0.3256   -77.195
 16   9     38.9     15.1   0.3367   0.3459   0.9734   1.0180   7.0390   0.9734  -102.266
 16  10     36.9     17.1   0.0998   0.0655   1.5243   0.2669 999.0000   1.5243   -74.021
 16  11     36.9     17.1   0.0998   0.0655   1.5243   0.2669 999.0000   1.5243   -74.021
 16  12     36.9     17.1   0.0998   0.0655   1.5243   0.2669 999.0000   1.5243   -74.021
 16  13     36.9     17.1   0.0998   0.0655   1.5243   0.2669 999.0000   1.5243   -74.021
 16  14     36.9     17.1   0.0998   0.0655   1.5243   0.2669 999.0000   1.5243   -74.021
 16  15     37.8     16.2   0.0971   0.2983   0.3256   0.4726 999.0000   0.3256   -77.195
 17   1     36.0     18.0   0.0002   0.1585   0.0010   0.1591 999.0000   0.0010   -65.483
 17   2     36.0     18.0   0.0007   0.7208   0.0010   0.7234 999.0000   0.0010   -68.057
 17   3     38.4     15.6   0.0561   0.2809   0.1998   0.3630   7.3819   0.1998   -80.245
 17   4     36.0     18.0   0.0007   0.7208   0.0010   0.7234 999.0000   0.0010   -68.057
 17   5     37.3     16.7   0.0003   0.3239   0.0010   0.3014 999.0000   0.0010   -65.756
 17   6     36.0     18.0   0.0002   0.1585   0.0010   0.1591 999.0000   0.0010   -65.483
 17   7     38.1     15.9   0.1772   0.1556   1.1388   0.5125   1.6878   1.1388   -95.709
 17   8     38.1     15.9   0.0000   0.0000   0.9113   0.0000   1.9493   0.9113   -56.322
 17   9     38.6     15.4   0.1979   0.4268   0.4637   0.7898   4.7535   0.4637   -98.757
 17  10     36.0     18.0   0.0002   0.1585   0.0010   0.1591 999.0000   0.0010   -65.483
 17  11     36.0     18.0   0.0002   0.1585   0.0010   0.1591 999.0000   0.0010   -65.483
 17  12     36.0     18.0   0.0002   0.1585   0.0010   0.1591 999.0000   0.0010   -65.483
 17  13     36.0     18.0   0.0002   0.1585   0.0010   0.1591 999.0000   0.0010   -65.483
 17  14     36.0     18.0   0.0002   0.1585   0.0010   0.1591 999.0000   0.0010   -65.483
 17  15     37.5     16.5   0.0000   0.0000   0.0010   0.0000   4.9144   0.0010   -56.322
 17  16     37.8     16.2   0.0971   0.2983   0.3256   0.4726 999.0000   0.3256   -77.195
 18   1     36.4     17.6   0.0001   0.0679   0.0010   0.0663 999.0000   0.0010   -62.790
 18   2     36.4     17.6   0.0002   0.2454   0.0010   0.2398 999.0000   0.0010   -66.664
 18   3     38.7     15.3   0.0560   0.1596   0.3512   0.2562   5.1311   0.3512   -78.120
 18   4     36.4     17.6   0.0002   0.2454   0.0010   0.2398 999.0000   0.0010   -66.664
